(kicad_pcb (version 20171130) (host pcbnew "(5.1.4-0-10_14)")

  (general
    (thickness 1.6)
    (drawings 72)
    (tracks 629)
    (zones 0)
    (modules 47)
    (nets 54)
  )

  (page A4)
  (title_block
    (title "MAX7000S Breakout Board")
    (date 2019-08-25)
    (rev 2.0)
    (company "Hyiger Designs")
  )

  (layers
    (0 F.Cu signal)
    (1 In1.Cu power hide)
    (2 In2.Cu power hide)
    (31 B.Cu signal)
    (36 B.SilkS user hide)
    (37 F.SilkS user hide)
    (38 B.Mask user hide)
    (39 F.Mask user hide)
    (44 Edge.Cuts user)
    (45 Margin user hide)
    (46 B.CrtYd user hide)
    (47 F.CrtYd user hide)
  )

  (setup
    (last_trace_width 0.4064)
    (user_trace_width 0.1524)
    (user_trace_width 0.2032)
    (user_trace_width 0.254)
    (user_trace_width 0.4064)
    (trace_clearance 0.1524)
    (zone_clearance 0.1524)
    (zone_45_only no)
    (trace_min 0.1524)
    (via_size 0.4572)
    (via_drill 0.2286)
    (via_min_size 0.4572)
    (via_min_drill 0.2286)
    (user_via 0.4572 0.2286)
    (user_via 0.6604 0.3302)
    (user_via 0.8128 0.4064)
    (uvia_size 0.3048)
    (uvia_drill 0.1016)
    (uvias_allowed no)
    (uvia_min_size 0.2032)
    (uvia_min_drill 0.1016)
    (edge_width 0.05)
    (segment_width 0.2)
    (pcb_text_width 0.3)
    (pcb_text_size 1.5 1.5)
    (mod_edge_width 0.12)
    (mod_text_size 1 1)
    (mod_text_width 0.15)
    (pad_size 1.05 0.95)
    (pad_drill 0)
    (pad_to_mask_clearance 0.0508)
    (solder_mask_min_width 0.1016)
    (aux_axis_origin 0 0)
    (grid_origin 124.46 116.84)
    (visible_elements 7FFFFFFF)
    (pcbplotparams
      (layerselection 0x010fc_ffffffff)
      (usegerberextensions false)
      (usegerberattributes false)
      (usegerberadvancedattributes false)
      (creategerberjobfile false)
      (excludeedgelayer true)
      (linewidth 0.100000)
      (plotframeref false)
      (viasonmask false)
      (mode 1)
      (useauxorigin false)
      (hpglpennumber 1)
      (hpglpenspeed 20)
      (hpglpendiameter 15.000000)
      (psnegative false)
      (psa4output false)
      (plotreference true)
      (plotvalue true)
      (plotinvisibletext false)
      (padsonsilk false)
      (subtractmaskfromsilk false)
      (outputformat 1)
      (mirror false)
      (drillshape 0)
      (scaleselection 1)
      (outputdirectory "gerbers"))
  )

  (net 0 "")
  (net 1 GND)
  (net 2 /TDI)
  (net 3 /TMS)
  (net 4 /TDO)
  (net 5 /TCK)
  (net 6 /B26)
  (net 7 /B24)
  (net 8 /B23)
  (net 9 /B22)
  (net 10 /B21)
  (net 11 /B19)
  (net 12 /B18)
  (net 13 /B17)
  (net 14 /A13)
  (net 15 /A12)
  (net 16 /A11)
  (net 17 /A10)
  (net 18 /A8)
  (net 19 /B29)
  (net 20 /B28)
  (net 21 /B27)
  (net 22 /A16)
  (net 23 /A15)
  (net 24 /A14)
  (net 25 /B32)
  (net 26 /B31)
  (net 27 /B30)
  (net 28 /CLK2)
  (net 29 /A7)
  (net 30 /A6)
  (net 31 /A5)
  (net 32 /A3)
  (net 33 /A2)
  (net 34 /A1)
  (net 35 "Net-(D2-Pad1)")
  (net 36 "Net-(R5-Pad1)")
  (net 37 "Net-(D2-Pad2)")
  (net 38 "Net-(D1-Pad2)")
  (net 39 /~RST)
  (net 40 /CLK)
  (net 41 /OE1)
  (net 42 "Net-(D3-Pad2)")
  (net 43 "Net-(D3-Pad1)")
  (net 44 5V)
  (net 45 3V3)
  (net 46 Vin)
  (net 47 "Net-(C1-Pad1)")
  (net 48 "Net-(C5-Pad1)")
  (net 49 "Net-(C6-Pad1)")
  (net 50 "Net-(C7-Pad1)")
  (net 51 "Net-(D2-Pad4)")
  (net 52 "Net-(D2-Pad3)")
  (net 53 /ENA)

  (net_class Default "This is the default net class."
    (clearance 0.1524)
    (trace_width 0.1524)
    (via_dia 0.4572)
    (via_drill 0.2286)
    (uvia_dia 0.3048)
    (uvia_drill 0.1016)
    (add_net /A1)
    (add_net /A10)
    (add_net /A11)
    (add_net /A12)
    (add_net /A13)
    (add_net /A14)
    (add_net /A15)
    (add_net /A16)
    (add_net /A2)
    (add_net /A3)
    (add_net /A5)
    (add_net /A6)
    (add_net /A7)
    (add_net /A8)
    (add_net /B17)
    (add_net /B18)
    (add_net /B19)
    (add_net /B21)
    (add_net /B22)
    (add_net /B23)
    (add_net /B24)
    (add_net /B26)
    (add_net /B27)
    (add_net /B28)
    (add_net /B29)
    (add_net /B30)
    (add_net /B31)
    (add_net /B32)
    (add_net /CLK)
    (add_net /CLK2)
    (add_net /ENA)
    (add_net /OE1)
    (add_net /TCK)
    (add_net /TDI)
    (add_net /TDO)
    (add_net /TMS)
    (add_net /~RST)
    (add_net "Net-(C1-Pad1)")
    (add_net "Net-(C5-Pad1)")
    (add_net "Net-(C6-Pad1)")
    (add_net "Net-(C7-Pad1)")
    (add_net "Net-(D1-Pad2)")
    (add_net "Net-(D2-Pad1)")
    (add_net "Net-(D2-Pad2)")
    (add_net "Net-(D2-Pad3)")
    (add_net "Net-(D2-Pad4)")
    (add_net "Net-(D3-Pad1)")
    (add_net "Net-(D3-Pad2)")
    (add_net "Net-(R5-Pad1)")
  )

  (net_class Power ""
    (clearance 0.1524)
    (trace_width 0.4064)
    (via_dia 0.8128)
    (via_drill 0.4064)
    (uvia_dia 0.3048)
    (uvia_drill 0.1016)
    (add_net 3V3)
    (add_net 5V)
    (add_net GND)
    (add_net Vin)
  )

  (module Button_Switch_SMD:SW_Push_SPST_NO_Alps_SKRK (layer F.Cu) (tedit 5C2A8900) (tstamp 5DA6446A)
    (at 172.212 97.536)
    (descr http://www.alps.com/prod/info/E/HTML/Tact/SurfaceMount/SKRK/SKRKAHE020.html)
    (tags "SMD SMT button")
    (path /5E085912)
    (attr smd)
    (fp_text reference SW2 (at 0 -2.25) (layer F.SilkS) hide
      (effects (font (size 1 1) (thickness 0.15)))
    )
    (fp_text value Reset (at 0 2.5) (layer F.Fab)
      (effects (font (size 1 1) (thickness 0.15)))
    )
    (fp_line (start 2.07 -1.57) (end 2.07 -1.27) (layer F.SilkS) (width 0.12))
    (fp_line (start -2.07 1.57) (end -2.07 1.27) (layer F.SilkS) (width 0.12))
    (fp_line (start 1.95 -1.45) (end 1.95 1.45) (layer F.Fab) (width 0.1))
    (fp_line (start -1.95 -1.45) (end 1.95 -1.45) (layer F.Fab) (width 0.1))
    (fp_line (start -1.95 1.45) (end -1.95 -1.45) (layer F.Fab) (width 0.1))
    (fp_line (start 1.95 1.45) (end -1.95 1.45) (layer F.Fab) (width 0.1))
    (fp_line (start -2.75 1.7) (end -2.75 -1.7) (layer F.CrtYd) (width 0.05))
    (fp_line (start 2.75 1.7) (end -2.75 1.7) (layer F.CrtYd) (width 0.05))
    (fp_line (start 2.75 -1.7) (end 2.75 1.7) (layer F.CrtYd) (width 0.05))
    (fp_line (start -2.75 -1.7) (end 2.75 -1.7) (layer F.CrtYd) (width 0.05))
    (fp_text user %R (at 0 0) (layer F.Fab)
      (effects (font (size 1 1) (thickness 0.15)))
    )
    (fp_circle (center 0 0) (end 1 0) (layer F.Fab) (width 0.1))
    (fp_line (start -2.07 -1.27) (end -2.07 -1.57) (layer F.SilkS) (width 0.12))
    (fp_line (start 2.07 1.57) (end -2.07 1.57) (layer F.SilkS) (width 0.12))
    (fp_line (start 2.07 1.27) (end 2.07 1.57) (layer F.SilkS) (width 0.12))
    (fp_line (start -2.07 -1.57) (end 2.07 -1.57) (layer F.SilkS) (width 0.12))
    (pad 1 smd roundrect (at -2.1 0) (size 0.8 2) (layers F.Cu F.Paste F.Mask) (roundrect_rratio 0.25)
      (net 39 /~RST))
    (pad 2 smd roundrect (at 2.1 0) (size 0.8 2) (layers F.Cu F.Paste F.Mask) (roundrect_rratio 0.25)
      (net 1 GND))
    (model ${KISYS3DMOD}/Button_Switch_SMD.3dshapes/SW_Push_SPST_NO_Alps_SKRK.wrl
      (at (xyz 0 0 0))
      (scale (xyz 1 1 1))
      (rotate (xyz 0 0 0))
    )
    (model ${KISYS3DMOD}/Button_Switch_SMD.3dshapes/SW_SPST_FSMSM.step
      (at (xyz 0 0 0))
      (scale (xyz 0.5 0.5 1))
      (rotate (xyz 0 0 0))
    )
  )

  (module Resistor_SMD:R_0603_1608Metric_Pad1.05x0.95mm_HandSolder (layer F.Cu) (tedit 5B301BBD) (tstamp 5DA6442A)
    (at 167.64 98.552)
    (descr "Resistor SMD 0603 (1608 Metric), square (rectangular) end terminal, IPC_7351 nominal with elongated pad for handsoldering. (Body size source: http://www.tortai-tech.com/upload/download/2011102023233369053.pdf), generated with kicad-footprint-generator")
    (tags "resistor handsolder")
    (path /5E08593E)
    (attr smd)
    (fp_text reference R10 (at 0 1.524) (layer F.SilkS)
      (effects (font (size 0.8128 0.8128) (thickness 0.1524)))
    )
    (fp_text value 10K (at 0 1.43) (layer F.Fab)
      (effects (font (size 1 1) (thickness 0.15)))
    )
    (fp_text user %R (at 0 0) (layer F.Fab)
      (effects (font (size 0.4 0.4) (thickness 0.06)))
    )
    (fp_line (start 1.65 0.73) (end -1.65 0.73) (layer F.CrtYd) (width 0.05))
    (fp_line (start 1.65 -0.73) (end 1.65 0.73) (layer F.CrtYd) (width 0.05))
    (fp_line (start -1.65 -0.73) (end 1.65 -0.73) (layer F.CrtYd) (width 0.05))
    (fp_line (start -1.65 0.73) (end -1.65 -0.73) (layer F.CrtYd) (width 0.05))
    (fp_line (start -0.171267 0.51) (end 0.171267 0.51) (layer F.SilkS) (width 0.12))
    (fp_line (start -0.171267 -0.51) (end 0.171267 -0.51) (layer F.SilkS) (width 0.12))
    (fp_line (start 0.8 0.4) (end -0.8 0.4) (layer F.Fab) (width 0.1))
    (fp_line (start 0.8 -0.4) (end 0.8 0.4) (layer F.Fab) (width 0.1))
    (fp_line (start -0.8 -0.4) (end 0.8 -0.4) (layer F.Fab) (width 0.1))
    (fp_line (start -0.8 0.4) (end -0.8 -0.4) (layer F.Fab) (width 0.1))
    (pad 2 smd roundrect (at 0.875 0) (size 1.05 0.95) (layers F.Cu F.Paste F.Mask) (roundrect_rratio 0.25)
      (net 39 /~RST))
    (pad 1 smd roundrect (at -0.875 0) (size 1.05 0.95) (layers F.Cu F.Paste F.Mask) (roundrect_rratio 0.25)
      (net 44 5V))
    (model ${KISYS3DMOD}/Resistor_SMD.3dshapes/R_0603_1608Metric.wrl
      (at (xyz 0 0 0))
      (scale (xyz 1 1 1))
      (rotate (xyz 0 0 0))
    )
  )

  (module Capacitor_SMD:C_0603_1608Metric_Pad1.05x0.95mm_HandSolder (layer F.Cu) (tedit 5B301BBE) (tstamp 5DA6413F)
    (at 167.64 96.52 180)
    (descr "Capacitor SMD 0603 (1608 Metric), square (rectangular) end terminal, IPC_7351 nominal with elongated pad for handsoldering. (Body size source: http://www.tortai-tech.com/upload/download/2011102023233369053.pdf), generated with kicad-footprint-generator")
    (tags "capacitor handsolder")
    (path /5E08591E)
    (attr smd)
    (fp_text reference C20 (at 2.794 0) (layer F.SilkS)
      (effects (font (size 0.8128 0.8128) (thickness 0.1524)))
    )
    (fp_text value 10nF (at 0 1.43) (layer F.Fab)
      (effects (font (size 1 1) (thickness 0.15)))
    )
    (fp_text user %R (at 0 0) (layer F.Fab)
      (effects (font (size 0.4 0.4) (thickness 0.06)))
    )
    (fp_line (start 1.65 0.73) (end -1.65 0.73) (layer F.CrtYd) (width 0.05))
    (fp_line (start 1.65 -0.73) (end 1.65 0.73) (layer F.CrtYd) (width 0.05))
    (fp_line (start -1.65 -0.73) (end 1.65 -0.73) (layer F.CrtYd) (width 0.05))
    (fp_line (start -1.65 0.73) (end -1.65 -0.73) (layer F.CrtYd) (width 0.05))
    (fp_line (start -0.171267 0.51) (end 0.171267 0.51) (layer F.SilkS) (width 0.12))
    (fp_line (start -0.171267 -0.51) (end 0.171267 -0.51) (layer F.SilkS) (width 0.12))
    (fp_line (start 0.8 0.4) (end -0.8 0.4) (layer F.Fab) (width 0.1))
    (fp_line (start 0.8 -0.4) (end 0.8 0.4) (layer F.Fab) (width 0.1))
    (fp_line (start -0.8 -0.4) (end 0.8 -0.4) (layer F.Fab) (width 0.1))
    (fp_line (start -0.8 0.4) (end -0.8 -0.4) (layer F.Fab) (width 0.1))
    (pad 2 smd roundrect (at 0.875 0 180) (size 1.05 0.95) (layers F.Cu F.Paste F.Mask) (roundrect_rratio 0.25)
      (net 1 GND))
    (pad 1 smd roundrect (at -0.875 0 180) (size 1.05 0.95) (layers F.Cu F.Paste F.Mask) (roundrect_rratio 0.25)
      (net 39 /~RST))
    (model ${KISYS3DMOD}/Capacitor_SMD.3dshapes/C_0603_1608Metric.wrl
      (at (xyz 0 0 0))
      (scale (xyz 1 1 1))
      (rotate (xyz 0 0 0))
    )
  )

  (module Connector_PinHeader_2.54mm:PinHeader_1x02_P2.54mm_Vertical (layer F.Cu) (tedit 59FED5CC) (tstamp 5DA5A61A)
    (at 125.73 106.68)
    (descr "Through hole straight pin header, 1x02, 2.54mm pitch, single row")
    (tags "Through hole pin header THT 1x02 2.54mm single row")
    (path /5DD7F5B4)
    (fp_text reference JP1 (at 0 5.08) (layer F.SilkS) hide
      (effects (font (size 1 1) (thickness 0.15)))
    )
    (fp_text value ena (at 0 4.87) (layer F.Fab)
      (effects (font (size 1 1) (thickness 0.15)))
    )
    (fp_text user %R (at 0 1.27 90) (layer F.Fab)
      (effects (font (size 1 1) (thickness 0.15)))
    )
    (fp_line (start 1.8 -1.8) (end -1.8 -1.8) (layer F.CrtYd) (width 0.05))
    (fp_line (start 1.8 4.35) (end 1.8 -1.8) (layer F.CrtYd) (width 0.05))
    (fp_line (start -1.8 4.35) (end 1.8 4.35) (layer F.CrtYd) (width 0.05))
    (fp_line (start -1.8 -1.8) (end -1.8 4.35) (layer F.CrtYd) (width 0.05))
    (fp_line (start -1.33 -1.33) (end 0 -1.33) (layer F.SilkS) (width 0.12))
    (fp_line (start -1.33 0) (end -1.33 -1.33) (layer F.SilkS) (width 0.12))
    (fp_line (start -1.33 1.27) (end 1.33 1.27) (layer F.SilkS) (width 0.12))
    (fp_line (start 1.33 1.27) (end 1.33 3.87) (layer F.SilkS) (width 0.12))
    (fp_line (start -1.33 1.27) (end -1.33 3.87) (layer F.SilkS) (width 0.12))
    (fp_line (start -1.33 3.87) (end 1.33 3.87) (layer F.SilkS) (width 0.12))
    (fp_line (start -1.27 -0.635) (end -0.635 -1.27) (layer F.Fab) (width 0.1))
    (fp_line (start -1.27 3.81) (end -1.27 -0.635) (layer F.Fab) (width 0.1))
    (fp_line (start 1.27 3.81) (end -1.27 3.81) (layer F.Fab) (width 0.1))
    (fp_line (start 1.27 -1.27) (end 1.27 3.81) (layer F.Fab) (width 0.1))
    (fp_line (start -0.635 -1.27) (end 1.27 -1.27) (layer F.Fab) (width 0.1))
    (pad 2 thru_hole oval (at 0 2.54) (size 1.7 1.7) (drill 1) (layers *.Cu *.Mask)
      (net 53 /ENA))
    (pad 1 thru_hole rect (at 0 0) (size 1.7 1.7) (drill 1) (layers *.Cu *.Mask)
      (net 1 GND))
    (model ${KISYS3DMOD}/Connector_PinHeader_2.54mm.3dshapes/PinHeader_1x02_P2.54mm_Vertical.wrl
      (at (xyz 0 0 0))
      (scale (xyz 1 1 1))
      (rotate (xyz 0 0 0))
    )
  )

  (module Package_SO:TSSOP-14_4.4x5mm_P0.65mm (layer B.Cu) (tedit 5A02F25C) (tstamp 5DA5985D)
    (at 132.334 108.966 180)
    (descr "14-Lead Plastic Thin Shrink Small Outline (ST)-4.4 mm Body [TSSOP] (see Microchip Packaging Specification 00000049BS.pdf)")
    (tags "SSOP 0.65")
    (path /5DC225A3)
    (attr smd)
    (fp_text reference U5 (at 4.826 -2.032) (layer B.SilkS)
      (effects (font (size 0.8128 0.8128) (thickness 0.1524)) (justify mirror))
    )
    (fp_text value 74HCT125 (at 0 -3.55) (layer B.Fab)
      (effects (font (size 1 1) (thickness 0.15)) (justify mirror))
    )
    (fp_text user %R (at 0 0) (layer B.Fab)
      (effects (font (size 0.8 0.8) (thickness 0.15)) (justify mirror))
    )
    (fp_line (start -2.325 2.5) (end -3.675 2.5) (layer B.SilkS) (width 0.15))
    (fp_line (start -2.325 -2.625) (end 2.325 -2.625) (layer B.SilkS) (width 0.15))
    (fp_line (start -2.325 2.625) (end 2.325 2.625) (layer B.SilkS) (width 0.15))
    (fp_line (start -2.325 -2.625) (end -2.325 -2.4) (layer B.SilkS) (width 0.15))
    (fp_line (start 2.325 -2.625) (end 2.325 -2.4) (layer B.SilkS) (width 0.15))
    (fp_line (start 2.325 2.625) (end 2.325 2.4) (layer B.SilkS) (width 0.15))
    (fp_line (start -2.325 2.625) (end -2.325 2.5) (layer B.SilkS) (width 0.15))
    (fp_line (start -3.95 -2.8) (end 3.95 -2.8) (layer B.CrtYd) (width 0.05))
    (fp_line (start -3.95 2.8) (end 3.95 2.8) (layer B.CrtYd) (width 0.05))
    (fp_line (start 3.95 2.8) (end 3.95 -2.8) (layer B.CrtYd) (width 0.05))
    (fp_line (start -3.95 2.8) (end -3.95 -2.8) (layer B.CrtYd) (width 0.05))
    (fp_line (start -2.2 1.5) (end -1.2 2.5) (layer B.Fab) (width 0.15))
    (fp_line (start -2.2 -2.5) (end -2.2 1.5) (layer B.Fab) (width 0.15))
    (fp_line (start 2.2 -2.5) (end -2.2 -2.5) (layer B.Fab) (width 0.15))
    (fp_line (start 2.2 2.5) (end 2.2 -2.5) (layer B.Fab) (width 0.15))
    (fp_line (start -1.2 2.5) (end 2.2 2.5) (layer B.Fab) (width 0.15))
    (pad 14 smd rect (at 2.95 1.95 180) (size 1.45 0.45) (layers B.Cu B.Paste B.Mask)
      (net 44 5V))
    (pad 13 smd rect (at 2.95 1.3 180) (size 1.45 0.45) (layers B.Cu B.Paste B.Mask)
      (net 53 /ENA))
    (pad 12 smd rect (at 2.95 0.65 180) (size 1.45 0.45) (layers B.Cu B.Paste B.Mask)
      (net 30 /A6))
    (pad 11 smd rect (at 2.95 0 180) (size 1.45 0.45) (layers B.Cu B.Paste B.Mask)
      (net 35 "Net-(D2-Pad1)"))
    (pad 10 smd rect (at 2.95 -0.65 180) (size 1.45 0.45) (layers B.Cu B.Paste B.Mask)
      (net 53 /ENA))
    (pad 9 smd rect (at 2.95 -1.3 180) (size 1.45 0.45) (layers B.Cu B.Paste B.Mask)
      (net 29 /A7))
    (pad 8 smd rect (at 2.95 -1.95 180) (size 1.45 0.45) (layers B.Cu B.Paste B.Mask)
      (net 37 "Net-(D2-Pad2)"))
    (pad 7 smd rect (at -2.95 -1.95 180) (size 1.45 0.45) (layers B.Cu B.Paste B.Mask)
      (net 1 GND))
    (pad 6 smd rect (at -2.95 -1.3 180) (size 1.45 0.45) (layers B.Cu B.Paste B.Mask)
      (net 51 "Net-(D2-Pad4)"))
    (pad 5 smd rect (at -2.95 -0.65 180) (size 1.45 0.45) (layers B.Cu B.Paste B.Mask)
      (net 18 /A8))
    (pad 4 smd rect (at -2.95 0 180) (size 1.45 0.45) (layers B.Cu B.Paste B.Mask)
      (net 53 /ENA))
    (pad 3 smd rect (at -2.95 0.65 180) (size 1.45 0.45) (layers B.Cu B.Paste B.Mask))
    (pad 2 smd rect (at -2.95 1.3 180) (size 1.45 0.45) (layers B.Cu B.Paste B.Mask)
      (net 1 GND))
    (pad 1 smd rect (at -2.95 1.95 180) (size 1.45 0.45) (layers B.Cu B.Paste B.Mask)
      (net 53 /ENA))
    (model ${KISYS3DMOD}/Package_SO.3dshapes/TSSOP-14_4.4x5mm_P0.65mm.wrl
      (at (xyz 0 0 0))
      (scale (xyz 1 1 1))
      (rotate (xyz 0 0 0))
    )
  )

  (module Resistor_SMD:R_0603_1608Metric_Pad1.05x0.95mm_HandSolder (layer B.Cu) (tedit 5B301BBD) (tstamp 5DA59746)
    (at 130.048 105.41 180)
    (descr "Resistor SMD 0603 (1608 Metric), square (rectangular) end terminal, IPC_7351 nominal with elongated pad for handsoldering. (Body size source: http://www.tortai-tech.com/upload/download/2011102023233369053.pdf), generated with kicad-footprint-generator")
    (tags "resistor handsolder")
    (path /5DD91C4B)
    (attr smd)
    (fp_text reference R9 (at 2.54 0) (layer B.SilkS)
      (effects (font (size 0.8128 0.8128) (thickness 0.1524)) (justify mirror))
    )
    (fp_text value 10K (at 0 -1.43) (layer B.Fab)
      (effects (font (size 1 1) (thickness 0.15)) (justify mirror))
    )
    (fp_text user %R (at 0 0) (layer B.Fab)
      (effects (font (size 0.4 0.4) (thickness 0.06)) (justify mirror))
    )
    (fp_line (start 1.65 -0.73) (end -1.65 -0.73) (layer B.CrtYd) (width 0.05))
    (fp_line (start 1.65 0.73) (end 1.65 -0.73) (layer B.CrtYd) (width 0.05))
    (fp_line (start -1.65 0.73) (end 1.65 0.73) (layer B.CrtYd) (width 0.05))
    (fp_line (start -1.65 -0.73) (end -1.65 0.73) (layer B.CrtYd) (width 0.05))
    (fp_line (start -0.171267 -0.51) (end 0.171267 -0.51) (layer B.SilkS) (width 0.12))
    (fp_line (start -0.171267 0.51) (end 0.171267 0.51) (layer B.SilkS) (width 0.12))
    (fp_line (start 0.8 -0.4) (end -0.8 -0.4) (layer B.Fab) (width 0.1))
    (fp_line (start 0.8 0.4) (end 0.8 -0.4) (layer B.Fab) (width 0.1))
    (fp_line (start -0.8 0.4) (end 0.8 0.4) (layer B.Fab) (width 0.1))
    (fp_line (start -0.8 -0.4) (end -0.8 0.4) (layer B.Fab) (width 0.1))
    (pad 2 smd roundrect (at 0.875 0 180) (size 1.05 0.95) (layers B.Cu B.Paste B.Mask) (roundrect_rratio 0.25)
      (net 53 /ENA))
    (pad 1 smd roundrect (at -0.875 0 180) (size 1.05 0.95) (layers B.Cu B.Paste B.Mask) (roundrect_rratio 0.25)
      (net 44 5V))
    (model ${KISYS3DMOD}/Resistor_SMD.3dshapes/R_0603_1608Metric.wrl
      (at (xyz 0 0 0))
      (scale (xyz 1 1 1))
      (rotate (xyz 0 0 0))
    )
  )

  (module Package_TO_SOT_SMD:SOT-353_SC-70-5_Handsoldering (layer B.Cu) (tedit 5C9ED275) (tstamp 5D9D69B8)
    (at 157.734 108.966 180)
    (descr "SOT-353, SC-70-5, Handsoldering")
    (tags "SOT-353 SC-70-5 Handsoldering")
    (path /5DABC532)
    (attr smd)
    (fp_text reference U8 (at 0 2) (layer B.SilkS)
      (effects (font (size 0.8128 0.8128) (thickness 0.1524)) (justify mirror))
    )
    (fp_text value 74HCT1G04 (at 0 -2 180) (layer B.Fab)
      (effects (font (size 1 1) (thickness 0.15)) (justify mirror))
    )
    (fp_line (start -0.175 1.1) (end -0.675 0.6) (layer B.Fab) (width 0.1))
    (fp_line (start 0.675 -1.1) (end -0.675 -1.1) (layer B.Fab) (width 0.1))
    (fp_line (start 0.675 1.1) (end 0.675 -1.1) (layer B.Fab) (width 0.1))
    (fp_line (start -2.4 -1.4) (end 2.4 -1.4) (layer B.CrtYd) (width 0.05))
    (fp_line (start -0.675 0.6) (end -0.675 -1.1) (layer B.Fab) (width 0.1))
    (fp_line (start 0.675 1.1) (end -0.175 1.1) (layer B.Fab) (width 0.1))
    (fp_line (start -2.4 1.4) (end 2.4 1.4) (layer B.CrtYd) (width 0.05))
    (fp_line (start -2.4 1.4) (end -2.4 -1.4) (layer B.CrtYd) (width 0.05))
    (fp_line (start 2.4 -1.4) (end 2.4 1.4) (layer B.CrtYd) (width 0.05))
    (fp_line (start -0.7 -1.16) (end 0.7 -1.16) (layer B.SilkS) (width 0.12))
    (fp_line (start 0.7 1.16) (end -1.2 1.16) (layer B.SilkS) (width 0.12))
    (fp_text user %R (at 0 0 270) (layer B.Fab)
      (effects (font (size 0.5 0.5) (thickness 0.075)) (justify mirror))
    )
    (pad 5 smd rect (at 1.33 0.65 180) (size 1.5 0.4) (layers B.Cu B.Paste B.Mask)
      (net 44 5V))
    (pad 4 smd rect (at 1.33 -0.65 180) (size 1.5 0.4) (layers B.Cu B.Paste B.Mask)
      (net 42 "Net-(D3-Pad2)"))
    (pad 3 smd rect (at -1.33 -0.65 180) (size 1.5 0.4) (layers B.Cu B.Paste B.Mask)
      (net 1 GND))
    (pad 2 smd rect (at -1.33 0 180) (size 1.5 0.4) (layers B.Cu B.Paste B.Mask)
      (net 2 /TDI))
    (pad 1 smd rect (at -1.33 0.65 180) (size 1.5 0.4) (layers B.Cu B.Paste B.Mask))
    (model ${KISYS3DMOD}/Package_TO_SOT_SMD.3dshapes/SOT-353_SC-70-5.wrl
      (at (xyz 0 0 0))
      (scale (xyz 1 1 1))
      (rotate (xyz 0 0 0))
    )
  )

  (module Resistor_SMD:R_0603_1608Metric_Pad1.05x0.95mm_HandSolder (layer F.Cu) (tedit 5B301BBD) (tstamp 5DA5EFCA)
    (at 132.08 98.298 180)
    (descr "Resistor SMD 0603 (1608 Metric), square (rectangular) end terminal, IPC_7351 nominal with elongated pad for handsoldering. (Body size source: http://www.tortai-tech.com/upload/download/2011102023233369053.pdf), generated with kicad-footprint-generator")
    (tags "resistor handsolder")
    (path /5DDB697E)
    (attr smd)
    (fp_text reference R2 (at 0 -1.43) (layer F.SilkS)
      (effects (font (size 0.8128 0.8128) (thickness 0.1524)))
    )
    (fp_text value 10K (at 0 1.43) (layer F.Fab)
      (effects (font (size 1 1) (thickness 0.15)))
    )
    (fp_text user %R (at 0 0) (layer F.Fab)
      (effects (font (size 0.4 0.4) (thickness 0.06)))
    )
    (fp_line (start 1.65 0.73) (end -1.65 0.73) (layer F.CrtYd) (width 0.05))
    (fp_line (start 1.65 -0.73) (end 1.65 0.73) (layer F.CrtYd) (width 0.05))
    (fp_line (start -1.65 -0.73) (end 1.65 -0.73) (layer F.CrtYd) (width 0.05))
    (fp_line (start -1.65 0.73) (end -1.65 -0.73) (layer F.CrtYd) (width 0.05))
    (fp_line (start -0.171267 0.51) (end 0.171267 0.51) (layer F.SilkS) (width 0.12))
    (fp_line (start -0.171267 -0.51) (end 0.171267 -0.51) (layer F.SilkS) (width 0.12))
    (fp_line (start 0.8 0.4) (end -0.8 0.4) (layer F.Fab) (width 0.1))
    (fp_line (start 0.8 -0.4) (end 0.8 0.4) (layer F.Fab) (width 0.1))
    (fp_line (start -0.8 -0.4) (end 0.8 -0.4) (layer F.Fab) (width 0.1))
    (fp_line (start -0.8 0.4) (end -0.8 -0.4) (layer F.Fab) (width 0.1))
    (pad 2 smd roundrect (at 0.875 0 180) (size 1.05 0.95) (layers F.Cu F.Paste F.Mask) (roundrect_rratio 0.25)
      (net 41 /OE1))
    (pad 1 smd roundrect (at -0.875 0 180) (size 1.05 0.95) (layers F.Cu F.Paste F.Mask) (roundrect_rratio 0.25)
      (net 44 5V))
    (model ${KISYS3DMOD}/Resistor_SMD.3dshapes/R_0603_1608Metric.wrl
      (at (xyz 0 0 0))
      (scale (xyz 1 1 1))
      (rotate (xyz 0 0 0))
    )
  )

  (module Capacitor_SMD:C_0603_1608Metric_Pad1.05x0.95mm_HandSolder (layer B.Cu) (tedit 5B301BBE) (tstamp 5D6E68D1)
    (at 134.62 105.41)
    (descr "Capacitor SMD 0603 (1608 Metric), square (rectangular) end terminal, IPC_7351 nominal with elongated pad for handsoldering. (Body size source: http://www.tortai-tech.com/upload/download/2011102023233369053.pdf), generated with kicad-footprint-generator")
    (tags "capacitor handsolder")
    (path /5D3C4E3F)
    (attr smd)
    (fp_text reference C18 (at 2.794 0) (layer B.SilkS)
      (effects (font (size 0.8128 0.8128) (thickness 0.1524)) (justify mirror))
    )
    (fp_text value 100nF (at 0 -1.43 -180) (layer B.Fab)
      (effects (font (size 1 1) (thickness 0.15)) (justify mirror))
    )
    (fp_text user %R (at 0 0 -180) (layer B.Fab)
      (effects (font (size 0.4 0.4) (thickness 0.06)) (justify mirror))
    )
    (fp_line (start 1.65 -0.73) (end -1.65 -0.73) (layer B.CrtYd) (width 0.05))
    (fp_line (start 1.65 0.73) (end 1.65 -0.73) (layer B.CrtYd) (width 0.05))
    (fp_line (start -1.65 0.73) (end 1.65 0.73) (layer B.CrtYd) (width 0.05))
    (fp_line (start -1.65 -0.73) (end -1.65 0.73) (layer B.CrtYd) (width 0.05))
    (fp_line (start -0.171267 -0.51) (end 0.171267 -0.51) (layer B.SilkS) (width 0.12))
    (fp_line (start -0.171267 0.51) (end 0.171267 0.51) (layer B.SilkS) (width 0.12))
    (fp_line (start 0.8 -0.4) (end -0.8 -0.4) (layer B.Fab) (width 0.1))
    (fp_line (start 0.8 0.4) (end 0.8 -0.4) (layer B.Fab) (width 0.1))
    (fp_line (start -0.8 0.4) (end 0.8 0.4) (layer B.Fab) (width 0.1))
    (fp_line (start -0.8 -0.4) (end -0.8 0.4) (layer B.Fab) (width 0.1))
    (pad 2 smd roundrect (at 0.875 0) (size 1.05 0.95) (layers B.Cu B.Paste B.Mask) (roundrect_rratio 0.25)
      (net 1 GND))
    (pad 1 smd roundrect (at -0.875 0) (size 1.05 0.95) (layers B.Cu B.Paste B.Mask) (roundrect_rratio 0.25)
      (net 44 5V))
    (model ${KISYS3DMOD}/Capacitor_SMD.3dshapes/C_0603_1608Metric.wrl
      (at (xyz 0 0 0))
      (scale (xyz 1 1 1))
      (rotate (xyz 0 0 0))
    )
  )

  (module Capacitor_SMD:C_1206_3216Metric_Pad1.42x1.75mm_HandSolder (layer B.Cu) (tedit 5B301BBE) (tstamp 5D8C6DEE)
    (at 127.508 100.584 180)
    (descr "Capacitor SMD 1206 (3216 Metric), square (rectangular) end terminal, IPC_7351 nominal with elongated pad for handsoldering. (Body size source: http://www.tortai-tech.com/upload/download/2011102023233369053.pdf), generated with kicad-footprint-generator")
    (tags "capacitor handsolder")
    (path /5DA119F5)
    (attr smd)
    (fp_text reference C11 (at 0 -1.778) (layer B.SilkS)
      (effects (font (size 0.8128 0.8128) (thickness 0.1524)) (justify mirror))
    )
    (fp_text value 100uF (at 0 -1.82) (layer B.Fab)
      (effects (font (size 1 1) (thickness 0.15)) (justify mirror))
    )
    (fp_text user %R (at 0 0) (layer B.Fab)
      (effects (font (size 0.8 0.8) (thickness 0.12)) (justify mirror))
    )
    (fp_line (start 2.45 -1.12) (end -2.45 -1.12) (layer B.CrtYd) (width 0.05))
    (fp_line (start 2.45 1.12) (end 2.45 -1.12) (layer B.CrtYd) (width 0.05))
    (fp_line (start -2.45 1.12) (end 2.45 1.12) (layer B.CrtYd) (width 0.05))
    (fp_line (start -2.45 -1.12) (end -2.45 1.12) (layer B.CrtYd) (width 0.05))
    (fp_line (start -0.602064 -0.91) (end 0.602064 -0.91) (layer B.SilkS) (width 0.12))
    (fp_line (start -0.602064 0.91) (end 0.602064 0.91) (layer B.SilkS) (width 0.12))
    (fp_line (start 1.6 -0.8) (end -1.6 -0.8) (layer B.Fab) (width 0.1))
    (fp_line (start 1.6 0.8) (end 1.6 -0.8) (layer B.Fab) (width 0.1))
    (fp_line (start -1.6 0.8) (end 1.6 0.8) (layer B.Fab) (width 0.1))
    (fp_line (start -1.6 -0.8) (end -1.6 0.8) (layer B.Fab) (width 0.1))
    (pad 2 smd roundrect (at 1.4875 0 180) (size 1.425 1.75) (layers B.Cu B.Paste B.Mask) (roundrect_rratio 0.175439)
      (net 1 GND))
    (pad 1 smd roundrect (at -1.4875 0 180) (size 1.425 1.75) (layers B.Cu B.Paste B.Mask) (roundrect_rratio 0.175439)
      (net 45 3V3))
    (model ${KISYS3DMOD}/Capacitor_SMD.3dshapes/C_1206_3216Metric.wrl
      (at (xyz 0 0 0))
      (scale (xyz 1 1 1))
      (rotate (xyz 0 0 0))
    )
  )

  (module Capacitor_SMD:C_1206_3216Metric_Pad1.42x1.75mm_HandSolder (layer B.Cu) (tedit 5B301BBE) (tstamp 5D8C6DDD)
    (at 167.513 99.06 180)
    (descr "Capacitor SMD 1206 (3216 Metric), square (rectangular) end terminal, IPC_7351 nominal with elongated pad for handsoldering. (Body size source: http://www.tortai-tech.com/upload/download/2011102023233369053.pdf), generated with kicad-footprint-generator")
    (tags "capacitor handsolder")
    (path /5DACB455)
    (attr smd)
    (fp_text reference C10 (at -0.127 -1.778) (layer B.SilkS)
      (effects (font (size 0.8128 0.8128) (thickness 0.1524)) (justify mirror))
    )
    (fp_text value 100uF (at 0 -1.82) (layer B.Fab)
      (effects (font (size 1 1) (thickness 0.15)) (justify mirror))
    )
    (fp_text user %R (at 0 0) (layer B.Fab)
      (effects (font (size 0.8 0.8) (thickness 0.12)) (justify mirror))
    )
    (fp_line (start 2.45 -1.12) (end -2.45 -1.12) (layer B.CrtYd) (width 0.05))
    (fp_line (start 2.45 1.12) (end 2.45 -1.12) (layer B.CrtYd) (width 0.05))
    (fp_line (start -2.45 1.12) (end 2.45 1.12) (layer B.CrtYd) (width 0.05))
    (fp_line (start -2.45 -1.12) (end -2.45 1.12) (layer B.CrtYd) (width 0.05))
    (fp_line (start -0.602064 -0.91) (end 0.602064 -0.91) (layer B.SilkS) (width 0.12))
    (fp_line (start -0.602064 0.91) (end 0.602064 0.91) (layer B.SilkS) (width 0.12))
    (fp_line (start 1.6 -0.8) (end -1.6 -0.8) (layer B.Fab) (width 0.1))
    (fp_line (start 1.6 0.8) (end 1.6 -0.8) (layer B.Fab) (width 0.1))
    (fp_line (start -1.6 0.8) (end 1.6 0.8) (layer B.Fab) (width 0.1))
    (fp_line (start -1.6 -0.8) (end -1.6 0.8) (layer B.Fab) (width 0.1))
    (pad 2 smd roundrect (at 1.4875 0 180) (size 1.425 1.75) (layers B.Cu B.Paste B.Mask) (roundrect_rratio 0.175439)
      (net 1 GND))
    (pad 1 smd roundrect (at -1.4875 0 180) (size 1.425 1.75) (layers B.Cu B.Paste B.Mask) (roundrect_rratio 0.175439)
      (net 44 5V))
    (model ${KISYS3DMOD}/Capacitor_SMD.3dshapes/C_1206_3216Metric.wrl
      (at (xyz 0 0 0))
      (scale (xyz 1 1 1))
      (rotate (xyz 0 0 0))
    )
  )

  (module Capacitor_SMD:C_0603_1608Metric_Pad1.05x0.95mm_HandSolder (layer B.Cu) (tedit 5B301BBE) (tstamp 5D8C6DCC)
    (at 167.513 97.028 180)
    (descr "Capacitor SMD 0603 (1608 Metric), square (rectangular) end terminal, IPC_7351 nominal with elongated pad for handsoldering. (Body size source: http://www.tortai-tech.com/upload/download/2011102023233369053.pdf), generated with kicad-footprint-generator")
    (tags "capacitor handsolder")
    (path /5DACB41C)
    (attr smd)
    (fp_text reference C8 (at 2.413 0) (layer B.SilkS)
      (effects (font (size 0.8128 0.8128) (thickness 0.1524)) (justify mirror))
    )
    (fp_text value 2.2uF (at 0 -1.43) (layer B.Fab)
      (effects (font (size 1 1) (thickness 0.15)) (justify mirror))
    )
    (fp_text user %R (at 0 0) (layer B.Fab)
      (effects (font (size 0.4 0.4) (thickness 0.06)) (justify mirror))
    )
    (fp_line (start 1.65 -0.73) (end -1.65 -0.73) (layer B.CrtYd) (width 0.05))
    (fp_line (start 1.65 0.73) (end 1.65 -0.73) (layer B.CrtYd) (width 0.05))
    (fp_line (start -1.65 0.73) (end 1.65 0.73) (layer B.CrtYd) (width 0.05))
    (fp_line (start -1.65 -0.73) (end -1.65 0.73) (layer B.CrtYd) (width 0.05))
    (fp_line (start -0.171267 -0.51) (end 0.171267 -0.51) (layer B.SilkS) (width 0.12))
    (fp_line (start -0.171267 0.51) (end 0.171267 0.51) (layer B.SilkS) (width 0.12))
    (fp_line (start 0.8 -0.4) (end -0.8 -0.4) (layer B.Fab) (width 0.1))
    (fp_line (start 0.8 0.4) (end 0.8 -0.4) (layer B.Fab) (width 0.1))
    (fp_line (start -0.8 0.4) (end 0.8 0.4) (layer B.Fab) (width 0.1))
    (fp_line (start -0.8 -0.4) (end -0.8 0.4) (layer B.Fab) (width 0.1))
    (pad 2 smd roundrect (at 0.875 0 180) (size 1.05 0.95) (layers B.Cu B.Paste B.Mask) (roundrect_rratio 0.25)
      (net 1 GND))
    (pad 1 smd roundrect (at -0.875 0 180) (size 1.05 0.95) (layers B.Cu B.Paste B.Mask) (roundrect_rratio 0.25)
      (net 44 5V))
    (model ${KISYS3DMOD}/Capacitor_SMD.3dshapes/C_0603_1608Metric.wrl
      (at (xyz 0 0 0))
      (scale (xyz 1 1 1))
      (rotate (xyz 0 0 0))
    )
  )

  (module Capacitor_SMD:C_0603_1608Metric_Pad1.05x0.95mm_HandSolder (layer B.Cu) (tedit 5B301BBE) (tstamp 5D8C6D9B)
    (at 167.513 95.504 180)
    (descr "Capacitor SMD 0603 (1608 Metric), square (rectangular) end terminal, IPC_7351 nominal with elongated pad for handsoldering. (Body size source: http://www.tortai-tech.com/upload/download/2011102023233369053.pdf), generated with kicad-footprint-generator")
    (tags "capacitor handsolder")
    (path /5DACB42E)
    (attr smd)
    (fp_text reference C6 (at 2.413 0) (layer B.SilkS)
      (effects (font (size 0.8128 0.8128) (thickness 0.1524)) (justify mirror))
    )
    (fp_text value 10nF (at 0 -1.43) (layer B.Fab)
      (effects (font (size 1 1) (thickness 0.15)) (justify mirror))
    )
    (fp_text user %R (at 0 0) (layer B.Fab)
      (effects (font (size 0.4 0.4) (thickness 0.06)) (justify mirror))
    )
    (fp_line (start 1.65 -0.73) (end -1.65 -0.73) (layer B.CrtYd) (width 0.05))
    (fp_line (start 1.65 0.73) (end 1.65 -0.73) (layer B.CrtYd) (width 0.05))
    (fp_line (start -1.65 0.73) (end 1.65 0.73) (layer B.CrtYd) (width 0.05))
    (fp_line (start -1.65 -0.73) (end -1.65 0.73) (layer B.CrtYd) (width 0.05))
    (fp_line (start -0.171267 -0.51) (end 0.171267 -0.51) (layer B.SilkS) (width 0.12))
    (fp_line (start -0.171267 0.51) (end 0.171267 0.51) (layer B.SilkS) (width 0.12))
    (fp_line (start 0.8 -0.4) (end -0.8 -0.4) (layer B.Fab) (width 0.1))
    (fp_line (start 0.8 0.4) (end 0.8 -0.4) (layer B.Fab) (width 0.1))
    (fp_line (start -0.8 0.4) (end 0.8 0.4) (layer B.Fab) (width 0.1))
    (fp_line (start -0.8 -0.4) (end -0.8 0.4) (layer B.Fab) (width 0.1))
    (pad 2 smd roundrect (at 0.875 0 180) (size 1.05 0.95) (layers B.Cu B.Paste B.Mask) (roundrect_rratio 0.25)
      (net 1 GND))
    (pad 1 smd roundrect (at -0.875 0 180) (size 1.05 0.95) (layers B.Cu B.Paste B.Mask) (roundrect_rratio 0.25)
      (net 49 "Net-(C6-Pad1)"))
    (model ${KISYS3DMOD}/Capacitor_SMD.3dshapes/C_0603_1608Metric.wrl
      (at (xyz 0 0 0))
      (scale (xyz 1 1 1))
      (rotate (xyz 0 0 0))
    )
  )

  (module Capacitor_SMD:C_0603_1608Metric_Pad1.05x0.95mm_HandSolder (layer B.Cu) (tedit 5B301BBE) (tstamp 5D8C6D2A)
    (at 172.212 95.504 180)
    (descr "Capacitor SMD 0603 (1608 Metric), square (rectangular) end terminal, IPC_7351 nominal with elongated pad for handsoldering. (Body size source: http://www.tortai-tech.com/upload/download/2011102023233369053.pdf), generated with kicad-footprint-generator")
    (tags "capacitor handsolder")
    (path /5DACB422)
    (attr smd)
    (fp_text reference C2 (at -2.54 0) (layer B.SilkS)
      (effects (font (size 0.8128 0.8128) (thickness 0.1524)) (justify mirror))
    )
    (fp_text value 1uF (at 0 -1.43) (layer B.Fab)
      (effects (font (size 1 1) (thickness 0.15)) (justify mirror))
    )
    (fp_text user %R (at 0 0) (layer B.Fab)
      (effects (font (size 0.4 0.4) (thickness 0.06)) (justify mirror))
    )
    (fp_line (start 1.65 -0.73) (end -1.65 -0.73) (layer B.CrtYd) (width 0.05))
    (fp_line (start 1.65 0.73) (end 1.65 -0.73) (layer B.CrtYd) (width 0.05))
    (fp_line (start -1.65 0.73) (end 1.65 0.73) (layer B.CrtYd) (width 0.05))
    (fp_line (start -1.65 -0.73) (end -1.65 0.73) (layer B.CrtYd) (width 0.05))
    (fp_line (start -0.171267 -0.51) (end 0.171267 -0.51) (layer B.SilkS) (width 0.12))
    (fp_line (start -0.171267 0.51) (end 0.171267 0.51) (layer B.SilkS) (width 0.12))
    (fp_line (start 0.8 -0.4) (end -0.8 -0.4) (layer B.Fab) (width 0.1))
    (fp_line (start 0.8 0.4) (end 0.8 -0.4) (layer B.Fab) (width 0.1))
    (fp_line (start -0.8 0.4) (end 0.8 0.4) (layer B.Fab) (width 0.1))
    (fp_line (start -0.8 -0.4) (end -0.8 0.4) (layer B.Fab) (width 0.1))
    (pad 2 smd roundrect (at 0.875 0 180) (size 1.05 0.95) (layers B.Cu B.Paste B.Mask) (roundrect_rratio 0.25)
      (net 1 GND))
    (pad 1 smd roundrect (at -0.875 0 180) (size 1.05 0.95) (layers B.Cu B.Paste B.Mask) (roundrect_rratio 0.25)
      (net 46 Vin))
    (model ${KISYS3DMOD}/Capacitor_SMD.3dshapes/C_0603_1608Metric.wrl
      (at (xyz 0 0 0))
      (scale (xyz 1 1 1))
      (rotate (xyz 0 0 0))
    )
  )

  (module Capacitor_SMD:C_0603_1608Metric_Pad1.05x0.95mm_HandSolder (layer F.Cu) (tedit 5B301BBE) (tstamp 5DA5EF9A)
    (at 134.874 99.7585 270)
    (descr "Capacitor SMD 0603 (1608 Metric), square (rectangular) end terminal, IPC_7351 nominal with elongated pad for handsoldering. (Body size source: http://www.tortai-tech.com/upload/download/2011102023233369053.pdf), generated with kicad-footprint-generator")
    (tags "capacitor handsolder")
    (path /5D954340)
    (attr smd)
    (fp_text reference C13 (at 2.3495 0.254 180) (layer F.SilkS)
      (effects (font (size 0.8128 0.8128) (thickness 0.1524)))
    )
    (fp_text value 100nF (at 0 1.43 270) (layer F.Fab)
      (effects (font (size 1 1) (thickness 0.15)))
    )
    (fp_text user %R (at 0 0 270) (layer F.Fab)
      (effects (font (size 0.4 0.4) (thickness 0.06)))
    )
    (fp_line (start 1.65 0.73) (end -1.65 0.73) (layer F.CrtYd) (width 0.05))
    (fp_line (start 1.65 -0.73) (end 1.65 0.73) (layer F.CrtYd) (width 0.05))
    (fp_line (start -1.65 -0.73) (end 1.65 -0.73) (layer F.CrtYd) (width 0.05))
    (fp_line (start -1.65 0.73) (end -1.65 -0.73) (layer F.CrtYd) (width 0.05))
    (fp_line (start -0.171267 0.51) (end 0.171267 0.51) (layer F.SilkS) (width 0.12))
    (fp_line (start -0.171267 -0.51) (end 0.171267 -0.51) (layer F.SilkS) (width 0.12))
    (fp_line (start 0.8 0.4) (end -0.8 0.4) (layer F.Fab) (width 0.1))
    (fp_line (start 0.8 -0.4) (end 0.8 0.4) (layer F.Fab) (width 0.1))
    (fp_line (start -0.8 -0.4) (end 0.8 -0.4) (layer F.Fab) (width 0.1))
    (fp_line (start -0.8 0.4) (end -0.8 -0.4) (layer F.Fab) (width 0.1))
    (pad 2 smd roundrect (at 0.875 0 270) (size 1.05 0.95) (layers F.Cu F.Paste F.Mask) (roundrect_rratio 0.25)
      (net 1 GND))
    (pad 1 smd roundrect (at -0.875 0 270) (size 1.05 0.95) (layers F.Cu F.Paste F.Mask) (roundrect_rratio 0.25)
      (net 45 3V3))
    (model ${KISYS3DMOD}/Capacitor_SMD.3dshapes/C_0603_1608Metric.wrl
      (at (xyz 0 0 0))
      (scale (xyz 1 1 1))
      (rotate (xyz 0 0 0))
    )
  )

  (module Package_TO_SOT_SMD:SOT-23-5 (layer B.Cu) (tedit 5A02FF57) (tstamp 5D8C8A69)
    (at 132.334 99.822 180)
    (descr "5-pin SOT23 package")
    (tags SOT-23-5)
    (path /5DD73388)
    (attr smd)
    (fp_text reference U2 (at -2.794 0) (layer B.SilkS)
      (effects (font (size 0.8128 0.8128) (thickness 0.1524)) (justify mirror))
    )
    (fp_text value LP2985-3.3 (at 0 -2.9) (layer B.Fab)
      (effects (font (size 1 1) (thickness 0.15)) (justify mirror))
    )
    (fp_line (start 0.9 1.55) (end 0.9 -1.55) (layer B.Fab) (width 0.1))
    (fp_line (start 0.9 -1.55) (end -0.9 -1.55) (layer B.Fab) (width 0.1))
    (fp_line (start -0.9 0.9) (end -0.9 -1.55) (layer B.Fab) (width 0.1))
    (fp_line (start 0.9 1.55) (end -0.25 1.55) (layer B.Fab) (width 0.1))
    (fp_line (start -0.9 0.9) (end -0.25 1.55) (layer B.Fab) (width 0.1))
    (fp_line (start -1.9 -1.8) (end -1.9 1.8) (layer B.CrtYd) (width 0.05))
    (fp_line (start 1.9 -1.8) (end -1.9 -1.8) (layer B.CrtYd) (width 0.05))
    (fp_line (start 1.9 1.8) (end 1.9 -1.8) (layer B.CrtYd) (width 0.05))
    (fp_line (start -1.9 1.8) (end 1.9 1.8) (layer B.CrtYd) (width 0.05))
    (fp_line (start 0.9 1.61) (end -1.55 1.61) (layer B.SilkS) (width 0.12))
    (fp_line (start -0.9 -1.61) (end 0.9 -1.61) (layer B.SilkS) (width 0.12))
    (fp_text user %R (at 0 0 270) (layer B.Fab)
      (effects (font (size 0.5 0.5) (thickness 0.075)) (justify mirror))
    )
    (pad 5 smd rect (at 1.1 0.95 180) (size 1.06 0.65) (layers B.Cu B.Paste B.Mask)
      (net 45 3V3))
    (pad 4 smd rect (at 1.1 -0.95 180) (size 1.06 0.65) (layers B.Cu B.Paste B.Mask)
      (net 50 "Net-(C7-Pad1)"))
    (pad 3 smd rect (at -1.1 -0.95 180) (size 1.06 0.65) (layers B.Cu B.Paste B.Mask)
      (net 44 5V))
    (pad 2 smd rect (at -1.1 0 180) (size 1.06 0.65) (layers B.Cu B.Paste B.Mask)
      (net 1 GND))
    (pad 1 smd rect (at -1.1 0.95 180) (size 1.06 0.65) (layers B.Cu B.Paste B.Mask)
      (net 44 5V))
    (model ${KISYS3DMOD}/Package_TO_SOT_SMD.3dshapes/SOT-23-5.wrl
      (at (xyz 0 0 0))
      (scale (xyz 1 1 1))
      (rotate (xyz 0 0 0))
    )
  )

  (module Package_TO_SOT_SMD:SOT-23-5 (layer B.Cu) (tedit 5A02FF57) (tstamp 5D8B5D4A)
    (at 172.212 98.425 180)
    (descr "5-pin SOT23 package")
    (tags SOT-23-5)
    (path /5DD74F6A)
    (attr smd)
