<<<<<<< Updated upstream
(kicad_pcb (version 20171130) (host pcbnew "(5.1.6-55-g3dfa97375)")

  (general
    (thickness 1.6002)
    (drawings 75)
    (tracks 720)
    (zones 0)
    (modules 50)
    (nets 69)
  )

  (page A4)
  (title_block
    (title "MAX7000S Breakout Board")
    (date 2020-08-02)
    (rev 3.2)
    (company "Hyiger Designs")
  )

  (layers
    (0 F.Cu signal)
    (1 In1.Cu power)
    (2 In2.Cu power hide)
    (31 B.Cu signal hide)
    (36 B.SilkS user)
    (37 F.SilkS user hide)
    (38 B.Mask user hide)
    (39 F.Mask user hide)
    (40 Dwgs.User user hide)
    (44 Edge.Cuts user)
    (45 Margin user hide)
    (46 B.CrtYd user hide)
    (47 F.CrtYd user hide)
    (48 B.Fab user hide)
    (49 F.Fab user hide)
  )

  (setup
    (last_trace_width 0.1524)
    (user_trace_width 0.1524)
    (user_trace_width 0.2032)
    (user_trace_width 0.254)
    (user_trace_width 0.4064)
    (trace_clearance 0.1524)
    (zone_clearance 0.1524)
    (zone_45_only no)
    (trace_min 0.1524)
    (via_size 0.4572)
    (via_drill 0.2286)
    (via_min_size 0.4572)
    (via_min_drill 0.2286)
    (user_via 0.4572 0.2286)
    (user_via 0.6604 0.3302)
    (user_via 0.8128 0.4064)
    (uvia_size 0.3048)
    (uvia_drill 0.1016)
    (uvias_allowed no)
    (uvia_min_size 0.2032)
    (uvia_min_drill 0.1016)
    (edge_width 0.0508)
    (segment_width 0.2032)
    (pcb_text_width 0.3048)
    (pcb_text_size 1.524 1.524)
    (mod_edge_width 0.127)
    (mod_text_size 0.8128 0.8128)
    (mod_text_width 0.1524)
    (pad_size 1.05 0.95)
    (pad_drill 0)
    (pad_to_mask_clearance 0.0508)
    (aux_axis_origin 0 0)
    (grid_origin 124.46 116.84)
    (visible_elements 7FFFFFFF)
    (pcbplotparams
      (layerselection 0x010f0_ffffffff)
      (usegerberextensions false)
      (usegerberattributes false)
      (usegerberadvancedattributes false)
      (creategerberjobfile false)
      (excludeedgelayer true)
      (linewidth 0.100000)
      (plotframeref false)
      (viasonmask false)
      (mode 1)
      (useauxorigin false)
      (hpglpennumber 1)
      (hpglpenspeed 20)
      (hpglpendiameter 15.000000)
      (psnegative false)
      (psa4output false)
      (plotreference true)
      (plotvalue true)
      (plotinvisibletext false)
      (padsonsilk false)
      (subtractmaskfromsilk false)
      (outputformat 1)
      (mirror false)
      (drillshape 0)
      (scaleselection 1)
      (outputdirectory "gerbers"))
  )

  (net 0 "")
  (net 1 GND)
  (net 2 /TDI)
  (net 3 /TMS)
  (net 4 /TDO)
  (net 5 /TCK)
  (net 6 /B26)
  (net 7 /B24)
  (net 8 /B23)
  (net 9 /B22)
  (net 10 /B21)
  (net 11 /B19)
  (net 12 /B17)
  (net 13 /A13)
  (net 14 /A12)
  (net 15 /A11)
  (net 16 /A10)
  (net 17 /A8)
  (net 18 /B29)
  (net 19 /B28)
  (net 20 /B27)
  (net 21 /A16)
  (net 22 /A15)
  (net 23 /A14)
  (net 24 /B31)
  (net 25 /B30)
  (net 26 /CLK2)
  (net 27 /A7)
  (net 28 /A6)
  (net 29 /A3)
  (net 30 /A2)
  (net 31 /A1)
  (net 32 "Net-(D2-Pad2)")
  (net 33 /CLK)
  (net 34 "Net-(D3-Pad2)")
  (net 35 "Net-(D3-Pad1)")
  (net 36 5V)
  (net 37 Vin)
  (net 38 /ENA)
  (net 39 "Net-(D4-Pad2)")
  (net 40 "Net-(D4-Pad1)")
  (net 41 "Net-(D5-Pad2)")
  (net 42 "Net-(D5-Pad1)")
  (net 43 /A4)
  (net 44 /GCLRn)
  (net 45 /OE1)
  (net 46 /B18)
  (net 47 /B32)
  (net 48 "Net-(C5-Pad1)")
  (net 49 "Net-(C4-Pad1)")
  (net 50 "Net-(J1-Pad6)")
  (net 51 "Net-(J1-Pad3)")
  (net 52 "Net-(J1-Pad2)")
  (net 53 "Net-(J4-Pad8)")
  (net 54 "Net-(J4-Pad7)")
  (net 55 "Net-(J4-Pad6)")
  (net 56 "Net-(JP2-Pad2)")
  (net 57 "Net-(R1-Pad1)")
  (net 58 "Net-(D6-Pad2)")
  (net 59 "Net-(R6-Pad1)")
  (net 60 "Net-(R3-Pad1)")
  (net 61 "Net-(R4-Pad1)")
  (net 62 "Net-(R7-Pad2)")
  (net 63 "Net-(C2-Pad1)")
  (net 64 "Net-(C6-Pad1)")
  (net 65 +5V)
  (net 66 +3V3)
  (net 67 "Net-(D1-Pad1)")
  (net 68 "Net-(D2-Pad1)")

  (net_class Default "This is the default net class."
    (clearance 0.1524)
    (trace_width 0.1524)
    (via_dia 0.4572)
    (via_drill 0.2286)
    (uvia_dia 0.3048)
    (uvia_drill 0.1016)
    (add_net /A1)
    (add_net /A10)
    (add_net /A11)
    (add_net /A12)
    (add_net /A13)
    (add_net /A14)
    (add_net /A15)
    (add_net /A16)
    (add_net /A2)
    (add_net /A3)
    (add_net /A4)
    (add_net /A6)
    (add_net /A7)
    (add_net /A8)
    (add_net /B17)
    (add_net /B18)
    (add_net /B19)
    (add_net /B21)
    (add_net /B22)
    (add_net /B23)
    (add_net /B24)
    (add_net /B26)
    (add_net /B27)
    (add_net /B28)
    (add_net /B29)
    (add_net /B30)
    (add_net /B31)
    (add_net /B32)
    (add_net /CLK)
    (add_net /CLK2)
    (add_net /ENA)
    (add_net /GCLRn)
    (add_net /OE1)
    (add_net /TCK)
    (add_net /TDI)
    (add_net /TDO)
    (add_net /TMS)
    (add_net "Net-(C2-Pad1)")
    (add_net "Net-(C4-Pad1)")
    (add_net "Net-(C5-Pad1)")
    (add_net "Net-(C6-Pad1)")
    (add_net "Net-(D1-Pad1)")
    (add_net "Net-(D2-Pad1)")
    (add_net "Net-(D2-Pad2)")
    (add_net "Net-(D3-Pad1)")
    (add_net "Net-(D3-Pad2)")
    (add_net "Net-(D4-Pad1)")
    (add_net "Net-(D4-Pad2)")
    (add_net "Net-(D5-Pad1)")
    (add_net "Net-(D5-Pad2)")
    (add_net "Net-(D6-Pad2)")
    (add_net "Net-(J1-Pad2)")
    (add_net "Net-(J1-Pad3)")
    (add_net "Net-(J1-Pad6)")
    (add_net "Net-(J4-Pad6)")
    (add_net "Net-(J4-Pad7)")
    (add_net "Net-(J4-Pad8)")
    (add_net "Net-(JP2-Pad2)")
    (add_net "Net-(R1-Pad1)")
    (add_net "Net-(R3-Pad1)")
    (add_net "Net-(R4-Pad1)")
    (add_net "Net-(R6-Pad1)")
    (add_net "Net-(R7-Pad2)")
  )

  (net_class Power ""
    (clearance 0.1524)
    (trace_width 0.4064)
    (via_dia 0.8128)
    (via_drill 0.4064)
    (uvia_dia 0.3048)
    (uvia_drill 0.1016)
    (add_net +3V3)
    (add_net +5V)
    (add_net 5V)
    (add_net GND)
    (add_net Vin)
  )

  (module Connector_PinHeader_2.54mm:PinHeader_1x20_P2.54mm_Vertical (layer B.Cu) (tedit 59FED5CC) (tstamp 5EBF48E4)
    (at 125.73 115.57 270)
    (descr "Through hole straight pin header, 1x20, 2.54mm pitch, single row")
    (tags "Through hole pin header THT 1x20 2.54mm single row")
    (path /5D60A02C)
    (fp_text reference J2 (at 0 2.33 90) (layer B.SilkS) hide
      (effects (font (size 1 1) (thickness 0.15)) (justify mirror))
    )
    (fp_text value Left (at 0 -50.59 90) (layer B.Fab)
      (effects (font (size 1 1) (thickness 0.15)) (justify mirror))
    )
    (fp_line (start -0.635 1.27) (end 1.27 1.27) (layer B.Fab) (width 0.1))
    (fp_line (start 1.27 1.27) (end 1.27 -49.53) (layer B.Fab) (width 0.1))
    (fp_line (start 1.27 -49.53) (end -1.27 -49.53) (layer B.Fab) (width 0.1))
    (fp_line (start -1.27 -49.53) (end -1.27 0.635) (layer B.Fab) (width 0.1))
    (fp_line (start -1.27 0.635) (end -0.635 1.27) (layer B.Fab) (width 0.1))
    (fp_line (start -1.33 -49.59) (end 1.33 -49.59) (layer B.SilkS) (width 0.12))
    (fp_line (start -1.33 -1.27) (end -1.33 -49.59) (layer B.SilkS) (width 0.12))
    (fp_line (start 1.33 -1.27) (end 1.33 -49.59) (layer B.SilkS) (width 0.12))
    (fp_line (start -1.33 -1.27) (end 1.33 -1.27) (layer B.SilkS) (width 0.12))
    (fp_line (start -1.33 0) (end -1.33 1.33) (layer B.SilkS) (width 0.12))
    (fp_line (start -1.33 1.33) (end 0 1.33) (layer B.SilkS) (width 0.12))
    (fp_line (start -1.8 1.8) (end -1.8 -50.05) (layer B.CrtYd) (width 0.05))
    (fp_line (start -1.8 -50.05) (end 1.8 -50.05) (layer B.CrtYd) (width 0.05))
    (fp_line (start 1.8 -50.05) (end 1.8 1.8) (layer B.CrtYd) (width 0.05))
    (fp_line (start 1.8 1.8) (end -1.8 1.8) (layer B.CrtYd) (width 0.05))
    (fp_text user %R (at 0 -24.13 180) (layer B.Fab)
      (effects (font (size 1 1) (thickness 0.15)) (justify mirror))
    )
    (pad 20 thru_hole oval (at 0 -48.26 270) (size 1.7 1.7) (drill 1) (layers *.Cu *.Mask)
      (net 1 GND))
    (pad 19 thru_hole oval (at 0 -45.72 270) (size 1.7 1.7) (drill 1) (layers *.Cu *.Mask)
      (net 65 +5V))
    (pad 18 thru_hole oval (at 0 -43.18 270) (size 1.7 1.7) (drill 1) (layers *.Cu *.Mask)
      (net 2 /TDI))
    (pad 17 thru_hole oval (at 0 -40.64 270) (size 1.7 1.7) (drill 1) (layers *.Cu *.Mask)
      (net 4 /TDO))
    (pad 16 thru_hole oval (at 0 -38.1 270) (size 1.7 1.7) (drill 1) (layers *.Cu *.Mask)
      (net 3 /TMS))
    (pad 15 thru_hole oval (at 0 -35.56 270) (size 1.7 1.7) (drill 1) (layers *.Cu *.Mask)
      (net 5 /TCK))
    (pad 14 thru_hole oval (at 0 -33.02 270) (size 1.7 1.7) (drill 1) (layers *.Cu *.Mask)
      (net 21 /A16))
    (pad 13 thru_hole oval (at 0 -30.48 270) (size 1.7 1.7) (drill 1) (layers *.Cu *.Mask)
      (net 22 /A15))
    (pad 12 thru_hole oval (at 0 -27.94 270) (size 1.7 1.7) (drill 1) (layers *.Cu *.Mask)
      (net 23 /A14))
    (pad 11 thru_hole oval (at 0 -25.4 270) (size 1.7 1.7) (drill 1) (layers *.Cu *.Mask)
      (net 13 /A13))
    (pad 10 thru_hole oval (at 0 -22.86 270) (size 1.7 1.7) (drill 1) (layers *.Cu *.Mask)
      (net 14 /A12))
    (pad 9 thru_hole oval (at 0 -20.32 270) (size 1.7 1.7) (drill 1) (layers *.Cu *.Mask)
      (net 15 /A11))
    (pad 8 thru_hole oval (at 0 -17.78 270) (size 1.7 1.7) (drill 1) (layers *.Cu *.Mask)
      (net 16 /A10))
    (pad 7 thru_hole oval (at 0 -15.24 270) (size 1.7 1.7) (drill 1) (layers *.Cu *.Mask)
      (net 17 /A8))
    (pad 6 thru_hole oval (at 0 -12.7 270) (size 1.7 1.7) (drill 1) (layers *.Cu *.Mask)
      (net 27 /A7))
    (pad 5 thru_hole oval (at 0 -10.16 270) (size 1.7 1.7) (drill 1) (layers *.Cu *.Mask)
      (net 28 /A6))
    (pad 4 thru_hole oval (at 0 -7.62 270) (size 1.7 1.7) (drill 1) (layers *.Cu *.Mask)
      (net 43 /A4))
    (pad 3 thru_hole oval (at 0 -5.08 270) (size 1.7 1.7) (drill 1) (layers *.Cu *.Mask)
      (net 29 /A3))
    (pad 2 thru_hole oval (at 0 -2.54 270) (size 1.7 1.7) (drill 1) (layers *.Cu *.Mask)
      (net 30 /A2))
    (pad 1 thru_hole rect (at 0 0 270) (size 1.7 1.7) (drill 1) (layers *.Cu *.Mask)
      (net 31 /A1))
    (model ${KISYS3DMOD}/Connector_PinHeader_2.54mm.3dshapes/PinHeader_1x20_P2.54mm_Vertical.wrl
      (at (xyz 0 0 0))
      (scale (xyz 1 1 1))
      (rotate (xyz 0 0 0))
    )
  )

  (module Resistor_SMD:R_0603_1608Metric_Pad1.05x0.95mm_HandSolder (layer F.Cu) (tedit 5B301BBD) (tstamp 5ECDF3CF)
    (at 166.37 112.014)
    (descr "Resistor SMD 0603 (1608 Metric), square (rectangular) end terminal, IPC_7351 nominal with elongated pad for handsoldering. (Body size source: http://www.tortai-tech.com/upload/download/2011102023233369053.pdf), generated with kicad-footprint-generator")
    (tags "resistor handsolder")
    (path /5ED9FAB5)
    (attr smd)
    (fp_text reference R13 (at 3.048 0) (layer F.SilkS)
      (effects (font (size 0.8128 0.8128) (thickness 0.1524)))
    )
    (fp_text value 10K (at 0 1.43) (layer F.Fab)
      (effects (font (size 1 1) (thickness 0.15)))
    )
    (fp_line (start 1.65 0.73) (end -1.65 0.73) (layer F.CrtYd) (width 0.05))
    (fp_line (start 1.65 -0.73) (end 1.65 0.73) (layer F.CrtYd) (width 0.05))
    (fp_line (start -1.65 -0.73) (end 1.65 -0.73) (layer F.CrtYd) (width 0.05))
    (fp_line (start -1.65 0.73) (end -1.65 -0.73) (layer F.CrtYd) (width 0.05))
    (fp_line (start -0.171267 0.51) (end 0.171267 0.51) (layer F.SilkS) (width 0.12))
    (fp_line (start -0.171267 -0.51) (end 0.171267 -0.51) (layer F.SilkS) (width 0.12))
    (fp_line (start 0.8 0.4) (end -0.8 0.4) (layer F.Fab) (width 0.1))
    (fp_line (start 0.8 -0.4) (end 0.8 0.4) (layer F.Fab) (width 0.1))
    (fp_line (start -0.8 -0.4) (end 0.8 -0.4) (layer F.Fab) (width 0.1))
    (fp_line (start -0.8 0.4) (end -0.8 -0.4) (layer F.Fab) (width 0.1))
    (fp_text user %R (at 0 0) (layer F.Fab)
      (effects (font (size 0.4 0.4) (thickness 0.06)))
    )
    (pad 2 smd roundrect (at 0.875 0) (size 1.05 0.95) (layers F.Cu F.Paste F.Mask) (roundrect_rratio 0.25)
      (net 2 /TDI))
    (pad 1 smd roundrect (at -0.875 0) (size 1.05 0.95) (layers F.Cu F.Paste F.Mask) (roundrect_rratio 0.25)
      (net 65 +5V))
    (model ${KISYS3DMOD}/Resistor_SMD.3dshapes/R_0603_1608Metric.wrl
      (at (xyz 0 0 0))
      (scale (xyz 1 1 1))
      (rotate (xyz 0 0 0))
    )
  )

  (module Capacitor_SMD:C_0603_1608Metric_Pad1.05x0.95mm_HandSolder (layer B.Cu) (tedit 5B301BBE) (tstamp 5EBF3B10)
    (at 173.482 98.806 90)
    (descr "Capacitor SMD 0603 (1608 Metric), square (rectangular) end terminal, IPC_7351 nominal with elongated pad for handsoldering. (Body size source: http://www.tortai-tech.com/upload/download/2011102023233369053.pdf), generated with kicad-footprint-generator")
    (tags "capacitor handsolder")
    (path /5EC05741)
    (attr smd)
    (fp_text reference FB1 (at 0 1.27 90) (layer B.SilkS)
      (effects (font (size 0.8128 0.8128) (thickness 0.1524)) (justify mirror))
    )
    (fp_text value "100R @ 100Mhz" (at 0 -1.43 90) (layer B.Fab)
      (effects (font (size 1 1) (thickness 0.15)) (justify mirror))
    )
    (fp_line (start 1.65 -0.73) (end -1.65 -0.73) (layer B.CrtYd) (width 0.05))
    (fp_line (start 1.65 0.73) (end 1.65 -0.73) (layer B.CrtYd) (width 0.05))
    (fp_line (start -1.65 0.73) (end 1.65 0.73) (layer B.CrtYd) (width 0.05))
    (fp_line (start -1.65 -0.73) (end -1.65 0.73) (layer B.CrtYd) (width 0.05))
    (fp_line (start -0.171267 -0.51) (end 0.171267 -0.51) (layer B.SilkS) (width 0.12))
    (fp_line (start -0.171267 0.51) (end 0.171267 0.51) (layer B.SilkS) (width 0.12))
    (fp_line (start 0.8 -0.4) (end -0.8 -0.4) (layer B.Fab) (width 0.1))
    (fp_line (start 0.8 0.4) (end 0.8 -0.4) (layer B.Fab) (width 0.1))
    (fp_line (start -0.8 0.4) (end 0.8 0.4) (layer B.Fab) (width 0.1))
    (fp_line (start -0.8 -0.4) (end -0.8 0.4) (layer B.Fab) (width 0.1))
    (fp_text user %R (at 0 0 90) (layer B.Fab)
      (effects (font (size 0.4 0.4) (thickness 0.06)) (justify mirror))
    )
    (pad 2 smd roundrect (at 0.875 0 90) (size 1.05 0.95) (layers B.Cu B.Paste B.Mask) (roundrect_rratio 0.25)
      (net 67 "Net-(D1-Pad1)"))
    (pad 1 smd roundrect (at -0.875 0 90) (size 1.05 0.95) (layers B.Cu B.Paste B.Mask) (roundrect_rratio 0.25)
      (net 49 "Net-(C4-Pad1)"))
    (model ${KISYS3DMOD}/Capacitor_SMD.3dshapes/C_0603_1608Metric.wrl
      (at (xyz 0 0 0))
      (scale (xyz 1 1 1))
      (rotate (xyz 0 0 0))
    )
  )

  (module Capacitor_SMD:C_0603_1608Metric_Pad1.05x0.95mm_HandSolder (layer B.Cu) (tedit 5B301BBE) (tstamp 5EBDABED)
    (at 171.958 108.712 180)
    (descr "Capacitor SMD 0603 (1608 Metric), square (rectangular) end terminal, IPC_7351 nominal with elongated pad for handsoldering. (Body size source: http://www.tortai-tech.com/upload/download/2011102023233369053.pdf), generated with kicad-footprint-generator")
    (tags "capacitor handsolder")
    (path /5EEEA176)
    (attr smd)
    (fp_text reference C9 (at -2.54 0) (layer B.SilkS)
      (effects (font (size 0.8128 0.8128) (thickness 0.1524)) (justify mirror))
    )
    (fp_text value 4.7uF (at 0 -1.43) (layer B.Fab)
      (effects (font (size 1 1) (thickness 0.15)) (justify mirror))
    )
    (fp_line (start 1.65 -0.73) (end -1.65 -0.73) (layer B.CrtYd) (width 0.05))
    (fp_line (start 1.65 0.73) (end 1.65 -0.73) (layer B.CrtYd) (width 0.05))
    (fp_line (start -1.65 0.73) (end 1.65 0.73) (layer B.CrtYd) (width 0.05))
    (fp_line (start -1.65 -0.73) (end -1.65 0.73) (layer B.CrtYd) (width 0.05))
    (fp_line (start -0.171267 -0.51) (end 0.171267 -0.51) (layer B.SilkS) (width 0.12))
    (fp_line (start -0.171267 0.51) (end 0.171267 0.51) (layer B.SilkS) (width 0.12))
    (fp_line (start 0.8 -0.4) (end -0.8 -0.4) (layer B.Fab) (width 0.1))
    (fp_line (start 0.8 0.4) (end 0.8 -0.4) (layer B.Fab) (width 0.1))
    (fp_line (start -0.8 0.4) (end 0.8 0.4) (layer B.Fab) (width 0.1))
    (fp_line (start -0.8 -0.4) (end -0.8 0.4) (layer B.Fab) (width 0.1))
    (fp_text user %R (at 0 0) (layer B.Fab)
      (effects (font (size 0.4 0.4) (thickness 0.06)) (justify mirror))
    )
    (pad 2 smd roundrect (at 0.875 0 180) (size 1.05 0.95) (layers B.Cu B.Paste B.Mask) (roundrect_rratio 0.25)
      (net 1 GND))
    (pad 1 smd roundrect (at -0.875 0 180) (size 1.05 0.95) (layers B.Cu B.Paste B.Mask) (roundrect_rratio 0.25)
      (net 65 +5V))
    (model ${KISYS3DMOD}/Capacitor_SMD.3dshapes/C_0603_1608Metric.wrl
      (at (xyz 0 0 0))
      (scale (xyz 1 1 1))
      (rotate (xyz 0 0 0))
    )
  )

  (module Diode_SMD:D_SOD-123 (layer B.Cu) (tedit 58645DC7) (tstamp 5EBE18F9)
    (at 172.72 95.758)
    (descr SOD-123)
    (tags SOD-123)
    (path /5EF818EA)
    (attr smd)
    (fp_text reference D1 (at -3.302 -0.508) (layer B.SilkS)
      (effects (font (size 0.8128 0.8128) (thickness 0.1524)) (justify mirror))
    )
    (fp_text value BAT54W (at 0 -2.1) (layer B.Fab)
      (effects (font (size 1 1) (thickness 0.15)) (justify mirror))
    )
    (fp_line (start -2.25 1) (end -2.25 -1) (layer B.SilkS) (width 0.12))
    (fp_line (start 0.25 0) (end 0.75 0) (layer B.Fab) (width 0.1))
    (fp_line (start 0.25 -0.4) (end -0.35 0) (layer B.Fab) (width 0.1))
    (fp_line (start 0.25 0.4) (end 0.25 -0.4) (layer B.Fab) (width 0.1))
    (fp_line (start -0.35 0) (end 0.25 0.4) (layer B.Fab) (width 0.1))
    (fp_line (start -0.35 0) (end -0.35 -0.55) (layer B.Fab) (width 0.1))
    (fp_line (start -0.35 0) (end -0.35 0.55) (layer B.Fab) (width 0.1))
    (fp_line (start -0.75 0) (end -0.35 0) (layer B.Fab) (width 0.1))
    (fp_line (start -1.4 -0.9) (end -1.4 0.9) (layer B.Fab) (width 0.1))
    (fp_line (start 1.4 -0.9) (end -1.4 -0.9) (layer B.Fab) (width 0.1))
    (fp_line (start 1.4 0.9) (end 1.4 -0.9) (layer B.Fab) (width 0.1))
    (fp_line (start -1.4 0.9) (end 1.4 0.9) (layer B.Fab) (width 0.1))
    (fp_line (start -2.35 1.15) (end 2.35 1.15) (layer B.CrtYd) (width 0.05))
    (fp_line (start 2.35 1.15) (end 2.35 -1.15) (layer B.CrtYd) (width 0.05))
    (fp_line (start 2.35 -1.15) (end -2.35 -1.15) (layer B.CrtYd) (width 0.05))
    (fp_line (start -2.35 1.15) (end -2.35 -1.15) (layer B.CrtYd) (width 0.05))
    (fp_line (start -2.25 -1) (end 1.65 -1) (layer B.SilkS) (width 0.12))
    (fp_line (start -2.25 1) (end 1.65 1) (layer B.SilkS) (width 0.12))
    (fp_text user %R (at 0 2) (layer B.Fab)
      (effects (font (size 1 1) (thickness 0.15)) (justify mirror))
    )
    (pad 2 smd rect (at 1.65 0) (size 0.9 1.2) (layers B.Cu B.Paste B.Mask)
      (net 37 Vin))
    (pad 1 smd rect (at -1.65 0) (size 0.9 1.2) (layers B.Cu B.Paste B.Mask)
      (net 67 "Net-(D1-Pad1)"))
    (model ${KISYS3DMOD}/Diode_SMD.3dshapes/D_SOD-123.wrl
      (at (xyz 0 0 0))
      (scale (xyz 1 1 1))
      (rotate (xyz 0 0 0))
    )
  )

  (module Connector_PinHeader_2.54mm:PinHeader_1x20_P2.54mm_Vertical (layer B.Cu) (tedit 59FED5CC) (tstamp 5EBF4A24)
    (at 125.73 92.71 270)
    (descr "Through hole straight pin header, 1x20, 2.54mm pitch, single row")
    (tags "Through hole pin header THT 1x20 2.54mm single row")
    (path /5D60BB0F)
    (fp_text reference J3 (at 0 2.33 90) (layer B.SilkS) hide
      (effects (font (size 1 1) (thickness 0.15)) (justify mirror))
    )
    (fp_text value Right (at 0 -50.59 90) (layer B.Fab)
      (effects (font (size 1 1) (thickness 0.15)) (justify mirror))
    )
    (fp_line (start -0.635 1.27) (end 1.27 1.27) (layer B.Fab) (width 0.1))
    (fp_line (start 1.27 1.27) (end 1.27 -49.53) (layer B.Fab) (width 0.1))
    (fp_line (start 1.27 -49.53) (end -1.27 -49.53) (layer B.Fab) (width 0.1))
    (fp_line (start -1.27 -49.53) (end -1.27 0.635) (layer B.Fab) (width 0.1))
    (fp_line (start -1.27 0.635) (end -0.635 1.27) (layer B.Fab) (width 0.1))
    (fp_line (start -1.33 -49.59) (end 1.33 -49.59) (layer B.SilkS) (width 0.12))
    (fp_line (start -1.33 -1.27) (end -1.33 -49.59) (layer B.SilkS) (width 0.12))
    (fp_line (start 1.33 -1.27) (end 1.33 -49.59) (layer B.SilkS) (width 0.12))
    (fp_line (start -1.33 -1.27) (end 1.33 -1.27) (layer B.SilkS) (width 0.12))
    (fp_line (start -1.33 0) (end -1.33 1.33) (layer B.SilkS) (width 0.12))
    (fp_line (start -1.33 1.33) (end 0 1.33) (layer B.SilkS) (width 0.12))
    (fp_line (start -1.8 1.8) (end -1.8 -50.05) (layer B.CrtYd) (width 0.05))
    (fp_line (start -1.8 -50.05) (end 1.8 -50.05) (layer B.CrtYd) (width 0.05))
    (fp_line (start 1.8 -50.05) (end 1.8 1.8) (layer B.CrtYd) (width 0.05))
    (fp_line (start 1.8 1.8) (end -1.8 1.8) (layer B.CrtYd) (width 0.05))
    (fp_text user %R (at 0 -24.13 180) (layer B.Fab)
      (effects (font (size 1 1) (thickness 0.15)) (justify mirror))
    )
    (pad 20 thru_hole oval (at 0 -48.26 270) (size 1.7 1.7) (drill 1) (layers *.Cu *.Mask)
      (net 37 Vin))
    (pad 19 thru_hole oval (at 0 -45.72 270) (size 1.7 1.7) (drill 1) (layers *.Cu *.Mask)
      (net 47 /B32))
    (pad 18 thru_hole oval (at 0 -43.18 270) (size 1.7 1.7) (drill 1) (layers *.Cu *.Mask)
      (net 24 /B31))
    (pad 17 thru_hole oval (at 0 -40.64 270) (size 1.7 1.7) (drill 1) (layers *.Cu *.Mask)
      (net 25 /B30))
    (pad 16 thru_hole oval (at 0 -38.1 270) (size 1.7 1.7) (drill 1) (layers *.Cu *.Mask)
      (net 18 /B29))
    (pad 15 thru_hole oval (at 0 -35.56 270) (size 1.7 1.7) (drill 1) (layers *.Cu *.Mask)
      (net 19 /B28))
    (pad 14 thru_hole oval (at 0 -33.02 270) (size 1.7 1.7) (drill 1) (layers *.Cu *.Mask)
      (net 20 /B27))
    (pad 13 thru_hole oval (at 0 -30.48 270) (size 1.7 1.7) (drill 1) (layers *.Cu *.Mask)
      (net 6 /B26))
    (pad 12 thru_hole oval (at 0 -27.94 270) (size 1.7 1.7) (drill 1) (layers *.Cu *.Mask)
      (net 7 /B24))
    (pad 11 thru_hole oval (at 0 -25.4 270) (size 1.7 1.7) (drill 1) (layers *.Cu *.Mask)
      (net 8 /B23))
    (pad 10 thru_hole oval (at 0 -22.86 270) (size 1.7 1.7) (drill 1) (layers *.Cu *.Mask)
      (net 44 /GCLRn))
    (pad 9 thru_hole oval (at 0 -20.32 270) (size 1.7 1.7) (drill 1) (layers *.Cu *.Mask)
      (net 26 /CLK2))
    (pad 8 thru_hole oval (at 0 -17.78 270) (size 1.7 1.7) (drill 1) (layers *.Cu *.Mask)
      (net 45 /OE1))
    (pad 7 thru_hole oval (at 0 -15.24 270) (size 1.7 1.7) (drill 1) (layers *.Cu *.Mask)
      (net 33 /CLK))
    (pad 6 thru_hole oval (at 0 -12.7 270) (size 1.7 1.7) (drill 1) (layers *.Cu *.Mask)
      (net 66 +3V3))
    (pad 5 thru_hole oval (at 0 -10.16 270) (size 1.7 1.7) (drill 1) (layers *.Cu *.Mask)
      (net 9 /B22))
    (pad 4 thru_hole oval (at 0 -7.62 270) (size 1.7 1.7) (drill 1) (layers *.Cu *.Mask)
      (net 10 /B21))
    (pad 3 thru_hole oval (at 0 -5.08 270) (size 1.7 1.7) (drill 1) (layers *.Cu *.Mask)
      (net 11 /B19))
    (pad 2 thru_hole oval (at 0 -2.54 270) (size 1.7 1.7) (drill 1) (layers *.Cu *.Mask)
      (net 46 /B18))
    (pad 1 thru_hole rect (at 0 0 270) (size 1.7 1.7) (drill 1) (layers *.Cu *.Mask)
      (net 12 /B17))
    (model ${KISYS3DMOD}/Connector_PinHeader_2.54mm.3dshapes/PinHeader_1x20_P2.54mm_Vertical.wrl
      (at (xyz 0 0 0))
      (scale (xyz 1 1 1))
      (rotate (xyz 0 0 0))
    )
  )

  (module Package_SO:TSSOP-8_4.4x3mm_P0.65mm (layer B.Cu) (tedit 5E476F32) (tstamp 5EBDB106)
    (at 167.386 106.68 90)
    (descr "TSSOP, 8 Pin (JEDEC MO-153 Var AA https://www.jedec.org/document_search?search_api_views_fulltext=MO-153), generated with kicad-footprint-generator ipc_gullwing_generator.py")
    (tags "TSSOP SO")
    (path /5ECEB649)
    (attr smd)
    (fp_text reference U4 (at -1.27 -2.54 180) (layer B.SilkS)
      (effects (font (size 0.8128 0.8128) (thickness 0.1524)) (justify mirror))
    )
    (fp_text value TPS2113A (at 0 -2.45 90) (layer B.Fab)
      (effects (font (size 1 1) (thickness 0.15)) (justify mirror))
    )
    (fp_line (start 0 -1.61) (end 2.2 -1.61) (layer B.SilkS) (width 0.12))
    (fp_line (start 0 -1.61) (end -2.2 -1.61) (layer B.SilkS) (width 0.12))
    (fp_line (start 0 1.61) (end 2.2 1.61) (layer B.SilkS) (width 0.12))
    (fp_line (start 0 1.61) (end -3.6 1.61) (layer B.SilkS) (width 0.12))
    (fp_line (start -1.45 1.5) (end 2.2 1.5) (layer B.Fab) (width 0.1))
    (fp_line (start 2.2 1.5) (end 2.2 -1.5) (layer B.Fab) (width 0.1))
    (fp_line (start 2.2 -1.5) (end -2.2 -1.5) (layer B.Fab) (width 0.1))
    (fp_line (start -2.2 -1.5) (end -2.2 0.75) (layer B.Fab) (width 0.1))
    (fp_line (start -2.2 0.75) (end -1.45 1.5) (layer B.Fab) (width 0.1))
    (fp_line (start -3.85 1.75) (end -3.85 -1.75) (layer B.CrtYd) (width 0.05))
    (fp_line (start -3.85 -1.75) (end 3.85 -1.75) (layer B.CrtYd) (width 0.05))
    (fp_line (start 3.85 -1.75) (end 3.85 1.75) (layer B.CrtYd) (width 0.05))
    (fp_line (start 3.85 1.75) (end -3.85 1.75) (layer B.CrtYd) (width 0.05))
    (fp_text user %R (at 0 0 90) (layer B.Fab)
      (effects (font (size 1 1) (thickness 0.15)) (justify mirror))
    )
    (pad 8 smd roundrect (at 2.8625 0.975 90) (size 1.475 0.4) (layers B.Cu B.Paste B.Mask) (roundrect_rratio 0.25)
      (net 63 "Net-(C2-Pad1)"))
    (pad 7 smd roundrect (at 2.8625 0.325 90) (size 1.475 0.4) (layers B.Cu B.Paste B.Mask) (roundrect_rratio 0.25)
      (net 65 +5V))
    (pad 6 smd roundrect (at 2.8625 -0.325 90) (size 1.475 0.4) (layers B.Cu B.Paste B.Mask) (roundrect_rratio 0.25)
      (net 36 5V))
    (pad 5 smd roundrect (at 2.8625 -0.975 90) (size 1.475 0.4) (layers B.Cu B.Paste B.Mask) (roundrect_rratio 0.25)
      (net 1 GND))
    (pad 4 smd roundrect (at -2.8625 -0.975 90) (size 1.475 0.4) (layers B.Cu B.Paste B.Mask) (roundrect_rratio 0.25)
      (net 59 "Net-(R6-Pad1)"))
    (pad 3 smd roundrect (at -2.8625 -0.325 90) (size 1.475 0.4) (layers B.Cu B.Paste B.Mask) (roundrect_rratio 0.25)
      (net 61 "Net-(R4-Pad1)"))
    (pad 2 smd roundrect (at -2.8625 0.325 90) (size 1.475 0.4) (layers B.Cu B.Paste B.Mask) (roundrect_rratio 0.25)
      (net 60 "Net-(R3-Pad1)"))
    (pad 1 smd roundrect (at -2.8625 0.975 90) (size 1.475 0.4) (layers B.Cu B.Paste B.Mask) (roundrect_rratio 0.25)
      (net 62 "Net-(R7-Pad2)"))
    (model ${KISYS3DMOD}/Package_SO.3dshapes/TSSOP-8_4.4x3mm_P0.65mm.wrl
      (at (xyz 0 0 0))
      (scale (xyz 1 1 1))
      (rotate (xyz 0 0 0))
    )
  )

  (module Resistor_SMD:R_0603_1608Metric_Pad1.05x0.95mm_HandSolder (layer B.Cu) (tedit 5B301BBD) (tstamp 5EBDAFD8)
    (at 171.958 110.49 180)
    (descr "Resistor SMD 0603 (1608 Metric), square (rectangular) end terminal, IPC_7351 nominal with elongated pad for handsoldering. (Body size source: http://www.tortai-tech.com/upload/download/2011102023233369053.pdf), generated with kicad-footprint-generator")
    (tags "resistor handsolder")
    (path /5EF7A638)
    (attr smd)
    (fp_text reference R7 (at -2.286 0) (layer B.SilkS)
      (effects (font (size 0.8128 0.8128) (thickness 0.1524)) (justify mirror))
    )
    (fp_text value 100K (at 0 -1.43) (layer B.Fab)
      (effects (font (size 1 1) (thickness 0.15)) (justify mirror))
    )
    (fp_line (start -0.8 -0.4) (end -0.8 0.4) (layer B.Fab) (width 0.1))
    (fp_line (start -0.8 0.4) (end 0.8 0.4) (layer B.Fab) (width 0.1))
    (fp_line (start 0.8 0.4) (end 0.8 -0.4) (layer B.Fab) (width 0.1))
    (fp_line (start 0.8 -0.4) (end -0.8 -0.4) (layer B.Fab) (width 0.1))
    (fp_line (start -0.171267 0.51) (end 0.171267 0.51) (layer B.SilkS) (width 0.12))
    (fp_line (start -0.171267 -0.51) (end 0.171267 -0.51) (layer B.SilkS) (width 0.12))
    (fp_line (start -1.65 -0.73) (end -1.65 0.73) (layer B.CrtYd) (width 0.05))
    (fp_line (start -1.65 0.73) (end 1.65 0.73) (layer B.CrtYd) (width 0.05))
    (fp_line (start 1.65 0.73) (end 1.65 -0.73) (layer B.CrtYd) (width 0.05))
    (fp_line (start 1.65 -0.73) (end -1.65 -0.73) (layer B.CrtYd) (width 0.05))
    (fp_text user %R (at 0 0) (layer B.Fab)
      (effects (font (size 0.4 0.4) (thickness 0.06)) (justify mirror))
    )
    (pad 2 smd roundrect (at 0.875 0 180) (size 1.05 0.95) (layers B.Cu B.Paste B.Mask) (roundrect_rratio 0.25)
      (net 62 "Net-(R7-Pad2)"))
    (pad 1 smd roundrect (at -0.875 0 180) (size 1.05 0.95) (layers B.Cu B.Paste B.Mask) (roundrect_rratio 0.25)
      (net 65 +5V))
    (model ${KISYS3DMOD}/Resistor_SMD.3dshapes/R_0603_1608Metric.wrl
      (at (xyz 0 0 0))
      (scale (xyz 1 1 1))
      (rotate (xyz 0 0 0))
    )
  )

  (module Resistor_SMD:R_0603_1608Metric_Pad1.05x0.95mm_HandSolder (layer B.Cu) (tedit 5B301BBD) (tstamp 5EBDAFC7)
    (at 167.386 112.268)
    (descr "Resistor SMD 0603 (1608 Metric), square (rectangular) end terminal, IPC_7351 nominal with elongated pad for handsoldering. (Body size source: http://www.tortai-tech.com/upload/download/2011102023233369053.pdf), generated with kicad-footprint-generator")
    (tags "resistor handsolder")
    (path /5EE681F2)
    (attr smd)
    (fp_text reference R6 (at -2.794 0) (layer B.SilkS)
      (effects (font (size 0.8128 0.8128) (thickness 0.1524)) (justify mirror))
    )
    (fp_text value 1K (at 0 -1.43) (layer B.Fab)
      (effects (font (size 1 1) (thickness 0.15)) (justify mirror))
    )
    (fp_line (start -0.8 -0.4) (end -0.8 0.4) (layer B.Fab) (width 0.1))
    (fp_line (start -0.8 0.4) (end 0.8 0.4) (layer B.Fab) (width 0.1))
    (fp_line (start 0.8 0.4) (end 0.8 -0.4) (layer B.Fab) (width 0.1))
    (fp_line (start 0.8 -0.4) (end -0.8 -0.4) (layer B.Fab) (width 0.1))
    (fp_line (start -0.171267 0.51) (end 0.171267 0.51) (layer B.SilkS) (width 0.12))
    (fp_line (start -0.171267 -0.51) (end 0.171267 -0.51) (layer B.SilkS) (width 0.12))
    (fp_line (start -1.65 -0.73) (end -1.65 0.73) (layer B.CrtYd) (width 0.05))
    (fp_line (start -1.65 0.73) (end 1.65 0.73) (layer B.CrtYd) (width 0.05))
    (fp_line (start 1.65 0.73) (end 1.65 -0.73) (layer B.CrtYd) (width 0.05))
    (fp_line (start 1.65 -0.73) (end -1.65 -0.73) (layer B.CrtYd) (width 0.05))
    (fp_text user %R (at 0 0) (layer B.Fab)
      (effects (font (size 0.4 0.4) (thickness 0.06)) (justify mirror))
    )
    (pad 2 smd roundrect (at 0.875 0) (size 1.05 0.95) (layers B.Cu B.Paste B.Mask) (roundrect_rratio 0.25)
      (net 1 GND))
    (pad 1 smd roundrect (at -0.875 0) (size 1.05 0.95) (layers B.Cu B.Paste B.Mask) (roundrect_rratio 0.25)
      (net 59 "Net-(R6-Pad1)"))
    (model ${KISYS3DMOD}/Resistor_SMD.3dshapes/R_0603_1608Metric.wrl
      (at (xyz 0 0 0))
      (scale (xyz 1 1 1))
      (rotate (xyz 0 0 0))
    )
  )

  (module Resistor_SMD:R_0603_1608Metric_Pad1.05x0.95mm_HandSolder (layer B.Cu) (tedit 5B301BBD) (tstamp 5EBDAFA6)
    (at 171.958 105.156)
    (descr "Resistor SMD 0603 (1608 Metric), square (rectangular) end terminal, IPC_7351 nominal with elongated pad for handsoldering. (Body size source: http://www.tortai-tech.com/upload/download/2011102023233369053.pdf), generated with kicad-footprint-generator")
    (tags "resistor handsolder")
    (path /5EDE8BD2)
    (attr smd)
    (fp_text reference R4 (at 2.286 0) (layer B.SilkS)
      (effects (font (size 0.8128 0.8128) (thickness 0.1524)) (justify mirror))
    )
    (fp_text value 20K (at 0 -1.43) (layer B.Fab)
      (effects (font (size 1 1) (thickness 0.15)) (justify mirror))
    )
    (fp_line (start -0.8 -0.4) (end -0.8 0.4) (layer B.Fab) (width 0.1))
    (fp_line (start -0.8 0.4) (end 0.8 0.4) (layer B.Fab) (width 0.1))
    (fp_line (start 0.8 0.4) (end 0.8 -0.4) (layer B.Fab) (width 0.1))
    (fp_line (start 0.8 -0.4) (end -0.8 -0.4) (layer B.Fab) (width 0.1))
    (fp_line (start -0.171267 0.51) (end 0.171267 0.51) (layer B.SilkS) (width 0.12))
    (fp_line (start -0.171267 -0.51) (end 0.171267 -0.51) (layer B.SilkS) (width 0.12))
    (fp_line (start -1.65 -0.73) (end -1.65 0.73) (layer B.CrtYd) (width 0.05))
    (fp_line (start -1.65 0.73) (end 1.65 0.73) (layer B.CrtYd) (width 0.05))
    (fp_line (start 1.65 0.73) (end 1.65 -0.73) (layer B.CrtYd) (width 0.05))
    (fp_line (start 1.65 -0.73) (end -1.65 -0.73) (layer B.CrtYd) (width 0.05))
    (fp_text user %R (at 0 0) (layer B.Fab)
      (effects (font (size 0.4 0.4) (thickness 0.06)) (justify mirror))
    )
    (pad 2 smd roundrect (at 0.875 0) (size 1.05 0.95) (layers B.Cu B.Paste B.Mask) (roundrect_rratio 0.25)
      (net 1 GND))
    (pad 1 smd roundrect (at -0.875 0) (size 1.05 0.95) (layers B.Cu B.Paste B.Mask) (roundrect_rratio 0.25)
      (net 61 "Net-(R4-Pad1)"))
    (model ${KISYS3DMOD}/Resistor_SMD.3dshapes/R_0603_1608Metric.wrl
      (at (xyz 0 0 0))
      (scale (xyz 1 1 1))
      (rotate (xyz 0 0 0))
    )
  )

  (module Resistor_SMD:R_0603_1608Metric_Pad1.05x0.95mm_HandSolder (layer B.Cu) (tedit 5B301BBD) (tstamp 5EBDAF95)
    (at 171.958 112.268)
    (descr "Resistor SMD 0603 (1608 Metric), square (rectangular) end terminal, IPC_7351 nominal with elongated pad for handsoldering. (Body size source: http://www.tortai-tech.com/upload/download/2011102023233369053.pdf), generated with kicad-footprint-generator")
    (tags "resistor handsolder")
    (path /5ED8E36A)
    (attr smd)
    (fp_text reference R3 (at 2.286 0) (layer B.SilkS)
      (effects (font (size 0.8128 0.8128) (thickness 0.1524)) (justify mirror))
    )
    (fp_text value 100K (at 0 -1.43) (layer B.Fab)
      (effects (font (size 1 1) (thickness 0.15)) (justify mirror))
    )
    (fp_line (start -0.8 -0.4) (end -0.8 0.4) (layer B.Fab) (width 0.1))
    (fp_line (start -0.8 0.4) (end 0.8 0.4) (layer B.Fab) (width 0.1))
    (fp_line (start 0.8 0.4) (end 0.8 -0.4) (layer B.Fab) (width 0.1))
    (fp_line (start 0.8 -0.4) (end -0.8 -0.4) (layer B.Fab) (width 0.1))
    (fp_line (start -0.171267 0.51) (end 0.171267 0.51) (layer B.SilkS) (width 0.12))
    (fp_line (start -0.171267 -0.51) (end 0.171267 -0.51) (layer B.SilkS) (width 0.12))
    (fp_line (start -1.65 -0.73) (end -1.65 0.73) (layer B.CrtYd) (width 0.05))
    (fp_line (start -1.65 0.73) (end 1.65 0.73) (layer B.CrtYd) (width 0.05))
    (fp_line (start 1.65 0.73) (end 1.65 -0.73) (layer B.CrtYd) (width 0.05))
    (fp_line (start 1.65 -0.73) (end -1.65 -0.73) (layer B.CrtYd) (width 0.05))
    (fp_text user %R (at 0 0) (layer B.Fab)
      (effects (font (size 0.4 0.4) (thickness 0.06)) (justify mirror))
    )
    (pad 2 smd roundrect (at 0.875 0) (size 1.05 0.95) (layers B.Cu B.Paste B.Mask) (roundrect_rratio 0.25)
      (net 1 GND))
    (pad 1 smd roundrect (at -0.875 0) (size 1.05 0.95) (layers B.Cu B.Paste B.Mask) (roundrect_rratio 0.25)
      (net 60 "Net-(R3-Pad1)"))
    (model ${KISYS3DMOD}/Resistor_SMD.3dshapes/R_0603_1608Metric.wrl
      (at (xyz 0 0 0))
      (scale (xyz 1 1 1))
      (rotate (xyz 0 0 0))
    )
  )

  (module Capacitor_SMD:C_0603_1608Metric_Pad1.05x0.95mm_HandSolder (layer B.Cu) (tedit 5B301BBE) (tstamp 5EBDAB7C)
    (at 171.958 103.378)
    (descr "Capacitor SMD 0603 (1608 Metric), square (rectangular) end terminal, IPC_7351 nominal with elongated pad for handsoldering. (Body size source: http://www.tortai-tech.com/upload/download/2011102023233369053.pdf), generated with kicad-footprint-generator")
    (tags "capacitor handsolder")
    (path /5ECFB7BD)
    (attr smd)
    (fp_text reference C2 (at 2.286 0) (layer B.SilkS)
      (effects (font (size 0.8128 0.8128) (thickness 0.1524)) (justify mirror))
    )
    (fp_text value "1uF 35V" (at 0 -1.43) (layer B.Fab)
      (effects (font (size 1 1) (thickness 0.15)) (justify mirror))
    )
    (fp_line (start -0.8 -0.4) (end -0.8 0.4) (layer B.Fab) (width 0.1))
    (fp_line (start -0.8 0.4) (end 0.8 0.4) (layer B.Fab) (width 0.1))
    (fp_line (start 0.8 0.4) (end 0.8 -0.4) (layer B.Fab) (width 0.1))
    (fp_line (start 0.8 -0.4) (end -0.8 -0.4) (layer B.Fab) (width 0.1))
    (fp_line (start -0.171267 0.51) (end 0.171267 0.51) (layer B.SilkS) (width 0.12))
    (fp_line (start -0.171267 -0.51) (end 0.171267 -0.51) (layer B.SilkS) (width 0.12))
    (fp_line (start -1.65 -0.73) (end -1.65 0.73) (layer B.CrtYd) (width 0.05))
    (fp_line (start -1.65 0.73) (end 1.65 0.73) (layer B.CrtYd) (width 0.05))
    (fp_line (start 1.65 0.73) (end 1.65 -0.73) (layer B.CrtYd) (width 0.05))
    (fp_line (start 1.65 -0.73) (end -1.65 -0.73) (layer B.CrtYd) (width 0.05))
    (fp_text user %R (at 0 0) (layer B.Fab)
      (effects (font (size 0.4 0.4) (thickness 0.06)) (justify mirror))
    )
    (pad 2 smd roundrect (at 0.875 0) (size 1.05 0.95) (layers B.Cu B.Paste B.Mask) (roundrect_rratio 0.25)
      (net 1 GND))
    (pad 1 smd roundrect (at -0.875 0) (size 1.05 0.95) (layers B.Cu B.Paste B.Mask) (roundrect_rratio 0.25)
      (net 63 "Net-(C2-Pad1)"))
    (model ${KISYS3DMOD}/Capacitor_SMD.3dshapes/C_0603_1608Metric.wrl
      (at (xyz 0 0 0))
      (scale (xyz 1 1 1))
      (rotate (xyz 0 0 0))
    )
  )

  (module Button_Switch_SMD:SW_Push_SPST_NO_Alps_SKRK (layer F.Cu) (tedit 5C2A8900) (tstamp 5EB8A888)
    (at 127.508 96.52)
    (descr http://www.alps.com/prod/info/E/HTML/Tact/SurfaceMount/SKRK/SKRKAHE020.html)
    (tags "SMD SMT button")
    (path /5EB99413)
    (attr smd)
    (fp_text reference SW1 (at 0 0) (layer F.SilkS) hide
      (effects (font (size 0.8128 0.8128) (thickness 0.1524)))
    )
    (fp_text value User (at 0 2.5) (layer F.Fab)
      (effects (font (size 1 1) (thickness 0.15)))
    )
    (fp_line (start -2.07 -1.57) (end 2.07 -1.57) (layer F.SilkS) (width 0.12))
    (fp_line (start 2.07 1.27) (end 2.07 1.57) (layer F.SilkS) (width 0.12))
    (fp_line (start 2.07 1.57) (end -2.07 1.57) (layer F.SilkS) (width 0.12))
    (fp_line (start -2.07 -1.27) (end -2.07 -1.57) (layer F.SilkS) (width 0.12))
    (fp_circle (center 0 0) (end 1 0) (layer F.Fab) (width 0.1))
    (fp_line (start -2.75 -1.7) (end 2.75 -1.7) (layer F.CrtYd) (width 0.05))
    (fp_line (start 2.75 -1.7) (end 2.75 1.7) (layer F.CrtYd) (width 0.05))
    (fp_line (start 2.75 1.7) (end -2.75 1.7) (layer F.CrtYd) (width 0.05))
    (fp_line (start -2.75 1.7) (end -2.75 -1.7) (layer F.CrtYd) (width 0.05))
    (fp_line (start 1.95 1.45) (end -1.95 1.45) (layer F.Fab) (width 0.1))
    (fp_line (start -1.95 1.45) (end -1.95 -1.45) (layer F.Fab) (width 0.1))
    (fp_line (start -1.95 -1.45) (end 1.95 -1.45) (layer F.Fab) (width 0.1))
    (fp_line (start 1.95 -1.45) (end 1.95 1.45) (layer F.Fab) (width 0.1))
    (fp_line (start -2.07 1.57) (end -2.07 1.27) (layer F.SilkS) (width 0.12))
    (fp_line (start 2.07 -1.57) (end 2.07 -1.27) (layer F.SilkS) (width 0.12))
    (fp_text user %R (at 0 0) (layer F.Fab)
      (effects (font (size 1 1) (thickness 0.15)))
    )
    (pad 1 smd roundrect (at -2.1 0) (size 0.8 2) (layers F.Cu F.Paste F.Mask) (roundrect_rratio 0.25)
      (net 57 "Net-(R1-Pad1)"))
    (pad 2 smd roundrect (at 2.1 0) (size 0.8 2) (layers F.Cu F.Paste F.Mask) (roundrect_rratio 0.25)
      (net 65 +5V))
    (model ${KISYS3DMOD}/Button_Switch_SMD.3dshapes/SW_Push_SPST_NO_Alps_SKRK.wrl
      (at (xyz 0 0 0))
      (scale (xyz 1 1 1))
      (rotate (xyz 0 0 0))
    )
    (model ${KISYS3DMOD}/Button_Switch_SMD.3dshapes/SW_SPST_FSMSM.wrl
      (at (xyz 0 0 0))
      (scale (xyz 0.5 0.5 1))
      (rotate (xyz 0 0 0))
    )
  )

  (module Resistor_SMD:R_0603_1608Metric_Pad1.05x0.95mm_HandSolder (layer F.Cu) (tedit 5B301BBD) (tstamp 5EB8A841)
    (at 127.508 99.314)
    (descr "Resistor SMD 0603 (1608 Metric), square (rectangular) end terminal, IPC_7351 nominal with elongated pad for handsoldering. (Body size source: http://www.tortai-tech.com/upload/download/2011102023233369053.pdf), generated with kicad-footprint-generator")
    (tags "resistor handsolder")
    (path /5EB993FF)
    (attr smd)
    (fp_text reference R1 (at 2.54 0) (layer F.SilkS)
      (effects (font (size 0.8128 0.8128) (thickness 0.1524)))
    )
    (fp_text value 10K (at 0 1.43) (layer F.Fab)
      (effects (font (size 1 1) (thickness 0.15)))
    )
    (fp_line (start -0.8 0.4) (end -0.8 -0.4) (layer F.Fab) (width 0.1))
    (fp_line (start -0.8 -0.4) (end 0.8 -0.4) (layer F.Fab) (width 0.1))
    (fp_line (start 0.8 -0.4) (end 0.8 0.4) (layer F.Fab) (width 0.1))
    (fp_line (start 0.8 0.4) (end -0.8 0.4) (layer F.Fab) (width 0.1))
    (fp_line (start -0.171267 -0.51) (end 0.171267 -0.51) (layer F.SilkS) (width 0.12))
    (fp_line (start -0.171267 0.51) (end 0.171267 0.51) (layer F.SilkS) (width 0.12))
    (fp_line (start -1.65 0.73) (end -1.65 -0.73) (layer F.CrtYd) (width 0.05))
    (fp_line (start -1.65 -0.73) (end 1.65 -0.73) (layer F.CrtYd) (width 0.05))
    (fp_line (start 1.65 -0.73) (end 1.65 0.73) (layer F.CrtYd) (width 0.05))
    (fp_line (start 1.65 0.73) (end -1.65 0.73) (layer F.CrtYd) (width 0.05))
    (fp_text user %R (at 0 0) (layer F.Fab)
